#ID	Region_Length	RPM(Lib-Size Normalization Depends on Depth File)	RPKM
NM_134123.I1.Ini	10000	41.2102	4.1210
NM_134123.I1.Ter	10000	32.4899	3.2490
XM_006523225.I1.Ini	10000	0.0000	0.0000
XM_006523225.I1.Ter	10000	0.0000	0.0000
XM_006523225.I2.Ini	10000	0.0000	0.0000
XM_006523225.I2.Ter	10000	0.0000	0.0000
XM_006523225.I15.Ini	10000	0.0000	0.0000
XM_006523225.I15.Ter	10000	0.0000	0.0000
XM_006523225.I16.Ini	10000	10.2674	1.0267
XM_006523225.I16.Ter	10000	55.4157	5.5416
NR_045764.I3.Ini	10000	0.0000	0.0000
NR_045764.I3.Ter	10000	0.0000	0.0000
NM_001085355.I1.Ini	10000	0.0000	0.0000
NM_001085355.I1.Ter	10000	0.0000	0.0000
NM_001085355.I2.Ini	10000	11.2519	1.1252
NM_001085355.I2.Ter	10000	0.0000	0.0000
NM_001085355.I3.Ini	10000	19.5502	1.9550
NM_001085355.I3.Ter	10000	0.0000	0.0000
NM_001085355.I4.Ini	10000	0.0000	0.0000
NM_001085355.I4.Ter	10000	0.4219	0.0422
NM_001085355.I5.Ini	10000	0.0000	0.0000
NM_001085355.I5.Ter	10000	0.0000	0.0000
NM_027457.I3.Ini	10000	41.9134	4.1913
NM_027457.I3.Ter	10000	18.4250	1.8425
NM_146073.I1.Ini	10000	0.0000	0.0000
NM_146073.I1.Ter	10000	0.0000	0.0000
NM_146073.I2.Ini	10000	0.0000	0.0000
NM_146073.I2.Ter	10000	0.0000	0.0000
NM_146073.I3.Ini	10000	0.0000	0.0000
NM_146073.I3.Ter	10000	0.0000	0.0000
NM_146073.I8.Ini	10000	0.0000	0.0000
NM_146073.I8.Ter	10000	0.0000	0.0000
NM_025664.I1.Ini	10000	19.5502	1.9550
NM_025664.I1.Ter	10000	0.0000	0.0000
XM_006523203.I1.Ini	10000	0.0000	0.0000
XM_006523203.I1.Ter	10000	0.0000	0.0000
NM_001103181.I1.Ini	10000	25.1762	2.5176
NM_001103181.I1.Ter	10000	0.0000	0.0000
XM_006523257.I1.Ini	10000	5.8369	0.5837
XM_006523257.I1.Ter	10000	6.8215	0.6821
NM_009510.I1.Ini	10000	27.5672	2.7567
NM_009510.I1.Ter	10000	0.0000	0.0000
NM_001083945.I2.Ini	10000	8.2983	0.8298
NM_001083945.I2.Ter	10000	0.0000	0.0000
NM_001033442.I2.Ini	10000	0.0000	0.0000
NM_001033442.I2.Ter	10000	0.0000	0.0000
XM_006523199.I1.Ini	10000	0.0000	0.0000
XM_006523199.I1.Ter	10000	12.3771	1.2377
XM_006523350.I1.Ini	10000	0.0000	0.0000
XM_006523350.I1.Ter	10000	0.0000	0.0000
XR_001782310.I3.Ini	10000	0.0000	0.0000
XR_001782310.I3.Ter	10000	0.0000	0.0000
XR_001782310.I4.Ini	10000	0.0000	0.0000
XR_001782310.I4.Ter	10000	0.0000	0.0000
XR_001782310.I5.Ini	10000	0.0000	0.0000
XR_001782310.I5.Ter	10000	0.0000	0.0000
XM_006523318.I1.Ini	10000	0.0000	0.0000
XM_006523318.I1.Ter	10000	0.0000	0.0000
XM_006523318.I3.Ini	10000	5.3447	0.5345
XM_006523318.I3.Ter	10000	9.8454	0.9845
XM_006523318.I4.Ini	10000	0.0000	0.0000
XM_006523318.I4.Ter	10000	0.0000	0.0000
NM_001159517.I1.Ini	10000	10.2674	1.0267
NM_001159517.I1.Ter	10000	0.0000	0.0000
NM_001159517.I3.Ini	10000	0.0000	0.0000
NM_001159517.I3.Ter	10000	0.0000	0.0000
NM_001159517.I4.Ini	10000	36.1468	3.6147
NM_001159517.I4.Ter	10000	10.3377	1.0338
NM_027032.I1.Ini	10000	0.0000	0.0000
NM_027032.I1.Ter	10000	0.0000	0.0000
NM_027032.I2.Ini	10000	0.0000	0.0000
NM_027032.I2.Ter	10000	0.0000	0.0000
NM_027032.I3.Ini	10000	0.0000	0.0000
NM_027032.I3.Ter	10000	0.0000	0.0000
NM_027032.I4.Ini	10000	0.0000	0.0000
NM_027032.I4.Ter	10000	0.0000	0.0000
NR_077237.I1.Ini	10000	0.0000	0.0000
NR_077237.I1.Ter	10000	0.0000	0.0000
XR_876412.I2.Ini	10000	0.0000	0.0000
XR_876412.I2.Ter	10000	0.0000	0.0000
NM_016694.I1.Ini	10000	0.0000	0.0000
NM_016694.I1.Ter	10000	0.0000	0.0000
NM_016694.I2.Ini	10000	0.0000	0.0000
NM_016694.I2.Ter	10000	0.0000	0.0000
NM_016694.I3.Ini	10000	0.0000	0.0000
NM_016694.I3.Ter	10000	0.0000	0.0000
NM_016694.I4.Ini	10000	0.0000	0.0000
NM_016694.I4.Ter	10000	0.0000	0.0000
NM_016694.I5.Ini	10000	0.0000	0.0000
NM_016694.I5.Ter	10000	0.0000	0.0000
NM_016694.I6.Ini	10000	0.0000	0.0000
NM_016694.I6.Ter	10000	0.0000	0.0000
NM_016694.I7.Ini	10000	0.0000	0.0000
NM_016694.I7.Ter	10000	0.0000	0.0000
NM_016694.I9.Ini	10000	0.0000	0.0000
NM_016694.I9.Ter	10000	0.0000	0.0000
NM_016694.I10.Ini	10000	0.0000	0.0000
NM_016694.I10.Ter	10000	0.0000	0.0000
XR_001782243.I1.Ini	10000	0.0000	0.0000
XR_001782243.I1.Ter	10000	0.0000	0.0000
XM_006523345.I1.Ini	10000	9.2828	0.9283
XM_006523345.I1.Ter	10000	0.0000	0.0000
XM_006523345.I2.Ini	10000	0.0000	0.0000
XM_006523345.I2.Ter	10000	0.0000	0.0000
XR_001782079.I1.Ini	10000	0.0000	0.0000
XR_001782079.I1.Ter	10000	29.1143	2.9114
NM_011395.I1.Ini	10000	0.0000	0.0000
NM_011395.I1.Ter	10000	0.0000	0.0000
NM_011395.I5.Ini	10000	0.0000	0.0000
NM_011395.I5.Ter	10000	0.0000	0.0000
NM_010515.I1.Ini	10000	0.0000	0.0000
NM_010515.I1.Ter	10000	0.0000	0.0000
NR_027773.I1.Ini	10000	36.8500	3.6850
NR_027773.I1.Ter	10000	0.0000	0.0000
XR_385245.I1.Ini	10000	0.0000	0.0000
XR_385245.I1.Ter	10000	0.0000	0.0000
NR_045437.I2.Ini	10000	0.0000	0.0000
NR_045437.I2.Ter	10000	0.0000	0.0000
NM_022311.I1.Ini	10000	16.8779	1.6878
NM_022311.I1.Ter	10000	0.0000	0.0000
XM_006523752.I1.Ini	10000	13.7836	1.3784
XM_006523752.I1.Ter	10000	0.0000	0.0000
NM_022315.I1.Ini	10000	0.0000	0.0000
NM_022315.I1.Ter	10000	0.0000	0.0000
NM_022315.I7.Ini	10000	0.0000	0.0000
NM_022315.I7.Ter	10000	0.0000	0.0000
NM_022315.I9.Ini	10000	0.0000	0.0000
NM_022315.I9.Ter	10000	0.0000	0.0000
XR_876627.I1.Ini	10000	0.0000	0.0000
XR_876627.I1.Ter	10000	0.0000	0.0000
XM_006524929.I24.Ini	10000	0.0000	0.0000
XM_006524929.I24.Ter	10000	0.0000	0.0000
XM_006524463.I17.Ini	10000	40.7882	4.0788
XM_006524463.I17.Ter	10000	0.0000	0.0000
XR_876635.I1.Ini	10000	0.0000	0.0000
XR_876635.I1.Ter	10000	0.0000	0.0000
XR_876635.I2.Ini	10000	0.0000	0.0000
XR_876635.I2.Ter	10000	0.0000	0.0000
XR_876635.I3.Ini	10000	0.0000	0.0000
XR_876635.I3.Ter	10000	0.0000	0.0000
NM_001005358.I1.Ini	10000	0.0000	0.0000
NM_001005358.I1.Ter	10000	0.0000	0.0000
NM_011765.I1.Ini	10000	11.2519	1.1252
NM_011765.I1.Ter	10000	0.0000	0.0000
XR_876639.I1.Ini	10000	5.2040	0.5204
XR_876639.I1.Ter	10000	12.0255	1.2025
XM_011246742.I1.Ini	10000	0.0000	0.0000
XM_011246742.I1.Ter	10000	4.7117	0.4712
NM_001324550.I1.Ini	10000	0.0000	0.0000
NM_001324550.I1.Ter	10000	5.4150	0.5415
NM_025681.I1.Ini	10000	16.7372	1.6737
NM_025681.I1.Ter	10000	11.5332	1.1533
NM_172827.I1.Ini	10000	0.0000	0.0000
NM_172827.I1.Ter	10000	0.0000	0.0000
NM_001104540.I1.Ini	10000	0.0000	0.0000
NM_001104540.I1.Ter	10000	0.0000	0.0000
NM_001104540.I5.Ini	10000	0.0000	0.0000
NM_001104540.I5.Ter	10000	0.0000	0.0000
XR_385461.I1.Ini	10000	0.0000	0.0000
XR_385461.I1.Ter	10000	0.0000	0.0000
NM_001256493.I2.Ini	10000	0.0000	0.0000
NM_001256493.I2.Ter	10000	0.0000	0.0000
NM_001025373.I1.Ini	10000	8.2280	0.8228
NM_001025373.I1.Ter	10000	0.0000	0.0000
NR_030709.I2.Ini	10000	0.0000	0.0000
NR_030709.I2.Ter	10000	7.1731	0.7173
XM_017317323.I1.Ini	10000	25.5981	2.5598
XM_017317323.I1.Ter	10000	15.6120	1.5612
NM_134126.I18.Ini	10000	16.1746	1.6175
NM_134126.I18.Ter	10000	12.6584	1.2658
NM_001163691.I2.Ini	10000	12.7991	1.2799
NM_001163691.I2.Ter	10000	0.0000	0.0000
NM_029624.I3.Ini	10000	18.8470	1.8847
NM_029624.I3.Ter	10000	0.0000	0.0000
NM_139154.I2.Ini	10000	0.0000	0.0000
NM_139154.I2.Ter	10000	0.0000	0.0000
XM_006524023.I1.Ini	10000	10.8300	1.0830
XM_006524023.I1.Ter	10000	0.0000	0.0000
XM_006523515.I3.Ini	10000	0.0000	0.0000
XM_006523515.I3.Ter	10000	0.0000	0.0000
NM_207217.I1.Ini	10000	0.0000	0.0000
NM_207217.I1.Ter	10000	0.0000	0.0000
XR_876694.I1.Ini	10000	0.0000	0.0000
XR_876694.I1.Ter	10000	0.0000	0.0000
XM_006524823.I1.Ini	10000	0.0000	0.0000
XM_006524823.I1.Ter	10000	0.0000	0.0000
XM_011246717.I1.Ini	10000	0.0000	0.0000
XM_011246717.I1.Ter	10000	0.0000	0.0000
XR_385491.I1.Ini	10000	9.8454	0.9845
XR_385491.I1.Ter	10000	0.0000	0.0000
XM_011246475.I2.Ini	10000	0.0000	0.0000
XM_011246475.I2.Ter	10000	0.0000	0.0000
NM_019837.I1.Ini	10000	28.6924	2.8692
NM_019837.I1.Ter	10000	22.7851	2.2785
NM_001286743.I1.Ini	10000	17.1592	1.7159
NM_001286743.I1.Ter	10000	0.0000	0.0000
NM_001271511.I1.Ini	10000	0.0000	0.0000
NM_001271511.I1.Ter	10000	12.7991	1.2799
NM_001271511.I3.Ini	10000	0.0000	0.0000
NM_001271511.I3.Ter	10000	28.5517	2.8552
NM_001286040.I1.Ini	10000	28.8330	2.8833
NM_001286040.I1.Ter	10000	0.0000	0.0000
NM_001286040.I12.Ini	10000	0.0000	0.0000
NM_001286040.I12.Ter	10000	0.0000	0.0000
NM_011145.I2.Ini	10000	11.1113	1.1111
NM_011145.I2.Ter	10000	26.7233	2.6723
NM_010220.I1.Ini	10000	7.4544	0.7454
NM_010220.I1.Ter	10000	15.8933	1.5893
NM_001168514.I2.Ini	10000	0.0000	0.0000
NM_001168514.I2.Ter	10000	0.4923	0.0492
XR_385508.I2.Ini	10000	0.0000	0.0000
XR_385508.I2.Ter	10000	0.0000	0.0000
XM_011246609.I1.Ini	10000	12.3771	1.2377
XM_011246609.I1.Ter	10000	0.0000	0.0000
NR_132314.I7.Ini	10000	57.2441	5.7244
NR_132314.I7.Ter	10000	0.0000	0.0000
XR_876562.I1.Ini	10000	0.0000	0.0000
XR_876562.I1.Ter	10000	0.0000	0.0000
XM_006524027.I1.Ini	10000	22.3632	2.2363
XM_006524027.I1.Ter	10000	35.0216	3.5022
XM_006524027.I2.Ini	10000	23.3477	2.3348
XM_006524027.I2.Ter	10000	42.6166	4.2617
XM_006524027.I4.Ini	10000	0.0000	0.0000
XM_006524027.I4.Ter	10000	0.0000	0.0000
XM_006524094.I1.Ini	10000	42.4760	4.2476
XM_006524094.I1.Ter	10000	0.0000	0.0000
XM_006524094.I6.Ini	10000	85.0223	8.5022
XM_006524094.I6.Ter	10000	16.8779	1.6878
XM_006524094.I7.Ini	10000	19.8315	1.9832
XM_006524094.I7.Ter	10000	0.0000	0.0000
XM_006524094.I8.Ini	10000	4.9930	0.4993
XM_006524094.I8.Ter	10000	0.0000	0.0000
XM_006524094.I9.Ini	10000	0.0000	0.0000
XM_006524094.I9.Ter	10000	0.0000	0.0000
XM_006524094.I10.Ini	10000	0.0000	0.0000
XM_006524094.I10.Ter	10000	14.0649	1.4065
NM_009593.I2.Ini	10000	0.0000	0.0000
NM_009593.I2.Ter	10000	0.0000	0.0000
XR_001782057.I1.Ini	10000	0.0000	0.0000
XR_001782057.I1.Ter	10000	8.0170	0.8017
XR_001782057.I4.Ini	10000	0.0000	0.0000
XR_001782057.I4.Ter	10000	0.0000	0.0000
XM_006525033.I7.Ini	10000	0.0000	0.0000
XM_006525033.I7.Ter	10000	0.0000	0.0000
XM_006525033.I8.Ini	10000	0.0000	0.0000
XM_006525033.I8.Ter	10000	0.0000	0.0000
XM_006524691.I1.Ini	10000	0.0000	0.0000
XM_006524691.I1.Ter	10000	0.0000	0.0000
NM_207541.I1.Ini	10000	35.7248	3.5725
NM_207541.I1.Ter	10000	0.0000	0.0000
NR_015618.I1.Ini	10000	0.0000	0.0000
NR_015618.I1.Ter	10000	0.0000	0.0000
XM_011246573.I3.Ini	10000	10.3143	1.0314
XM_011246573.I3.Ter	10000	11.9552	1.1955
XR_876784.I2.Ini	10000	0.0000	0.0000
XR_876784.I2.Ter	10000	0.0000	0.0000
XM_017317477.I1.Ini	10000	0.0000	0.0000
XM_017317477.I1.Ter	10000	0.0000	0.0000
XR_877120.I1.Ini	10000	0.0000	0.0000
XR_877120.I1.Ter	10000	0.0000	0.0000
XM_006524754.I2.Ini	10000	0.0000	0.0000
XM_006524754.I2.Ter	10000	0.0000	0.0000
XM_006524754.I3.Ini	10000	0.0000	0.0000
XM_006524754.I3.Ter	10000	0.0000	0.0000
XM_017317725.I1.Ini	10000	27.9892	2.7989
XM_017317725.I1.Ter	10000	0.0000	0.0000
XM_017317565.I1.Ini	10000	0.0000	0.0000
XM_017317565.I1.Ter	10000	0.0000	0.0000
XM_011246263.I1.Ini	10000	0.0000	0.0000
XM_011246263.I1.Ter	10000	0.0000	0.0000
XM_011246263.I17.Ini	10000	47.1174	4.7117
XM_011246263.I17.Ter	10000	0.0000	0.0000
NM_178589.I1.Ini	10000	0.0000	0.0000
NM_178589.I1.Ter	10000	0.0000	0.0000
NM_178589.I3.Ini	10000	0.0000	0.0000
NM_178589.I3.Ter	10000	0.0000	0.0000
NM_178589.I4.Ini	10000	0.0000	0.0000
NM_178589.I4.Ter	10000	0.0000	0.0000
XM_017317437.I1.Ini	10000	0.0000	0.0000
XM_017317437.I1.Ter	10000	0.0000	0.0000
XM_006524365.I1.Ini	10000	0.0000	0.0000
XM_006524365.I1.Ter	10000	0.0000	0.0000
NM_018887.I7.Ini	10000	0.0000	0.0000
NM_018887.I7.Ter	10000	0.0000	0.0000
XM_006524622.I1.Ini	10000	0.0000	0.0000
XM_006524622.I1.Ter	10000	0.0000	0.0000
XM_006524622.I2.Ini	10000	0.0000	0.0000
XM_006524622.I2.Ter	10000	0.0000	0.0000
XM_006524135.I1.Ini	10000	0.0000	0.0000
XM_006524135.I1.Ter	10000	0.0000	0.0000
XM_006524135.I4.Ini	10000	0.0000	0.0000
XM_006524135.I4.Ter	10000	0.0000	0.0000
XM_006523542.I2.Ini	10000	0.0000	0.0000
XM_006523542.I2.Ter	10000	0.0000	0.0000
XM_006523542.I5.Ini	10000	0.0000	0.0000
XM_006523542.I5.Ter	10000	0.0000	0.0000
XM_006523542.I7.Ini	10000	0.0000	0.0000
XM_006523542.I7.Ter	10000	0.0000	0.0000
XM_006523477.I2.Ini	10000	0.0000	0.0000
XM_006523477.I2.Ter	10000	0.0000	0.0000
XM_006523477.I3.Ini	10000	0.0000	0.0000
XM_006523477.I3.Ter	10000	0.0000	0.0000
XM_006523477.I6.Ini	10000	0.0000	0.0000
XM_006523477.I6.Ter	10000	32.4899	3.2490
XM_006523477.I11.Ini	10000	10.1267	1.0127
XM_006523477.I11.Ter	10000	0.0000	0.0000
XR_001782269.I1.Ini	10000	0.0000	0.0000
XR_001782269.I1.Ter	10000	0.0000	0.0000
XM_006524924.I1.Ini	10000	0.0000	0.0000
XM_006524924.I1.Ter	10000	0.0000	0.0000
XM_006523976.I1.Ini	10000	33.3338	3.3334
XM_006523976.I1.Ter	10000	0.0000	0.0000
XM_006523976.I2.Ini	10000	27.4266	2.7427
XM_006523976.I2.Ter	10000	10.8300	1.0830
NM_001097623.I3.Ini	10000	13.3617	1.3362
NM_001097623.I3.Ter	10000	14.7681	1.4768
NM_001097623.I4.Ini	10000	20.1128	2.0113
NM_001097623.I4.Ter	10000	0.0000	0.0000
NM_001097623.I5.Ini	10000	30.3802	3.0380
NM_001097623.I5.Ter	10000	0.0000	0.0000
NM_001081636.I1.Ini	10000	16.1746	1.6175
NM_001081636.I1.Ter	10000	0.0000	0.0000
NM_198421.I2.Ini	10000	0.0000	0.0000
NM_198421.I2.Ter	10000	0.0000	0.0000
NM_001161722.I1.Ini	10000	0.0000	0.0000
NM_001161722.I1.Ter	10000	0.0000	0.0000
XR_385618.I1.Ini	10000	0.0000	0.0000
XR_385618.I1.Ter	10000	0.0000	0.0000
NR_110485.I1.Ini	10000	0.0000	0.0000
NR_110485.I1.Ter	10000	0.0000	0.0000
XM_017317514.I5.Ini	10000	0.0000	0.0000
XM_017317514.I5.Ter	10000	0.0000	0.0000
XR_876584.I7.Ini	10000	0.0000	0.0000
XR_876584.I7.Ter	10000	0.0000	0.0000
NM_027452.I1.Ini	10000	0.0000	0.0000
NM_027452.I1.Ter	10000	0.0000	0.0000
NM_027452.I2.Ini	10000	0.0000	0.0000
NM_027452.I2.Ter	10000	0.0000	0.0000
XM_006525090.I1.Ini	10000	0.0000	0.0000
XM_006525090.I1.Ter	10000	0.0000	0.0000
XM_006524391.I3.Ini	10000	10.9706	1.0971
XM_006524391.I3.Ter	10000	0.0000	0.0000
XM_006524391.I6.Ini	10000	0.0000	0.0000
XM_006524391.I6.Ter	10000	0.0000	0.0000
XM_006524391.I10.Ini	10000	0.0000	0.0000
XM_006524391.I10.Ter	10000	0.0000	0.0000
XM_006524391.I13.Ini	10000	0.0000	0.0000
XM_006524391.I13.Ter	10000	0.0000	0.0000
XM_006524391.I15.Ini	10000	0.0000	0.0000
XM_006524391.I15.Ter	10000	0.0000	0.0000
NM_181397.I1.Ini	10000	8.1576	0.8158
NM_181397.I1.Ter	10000	0.0000	0.0000
NM_181397.I2.Ini	10000	10.4080	1.0408
NM_181397.I2.Ter	10000	0.0000	0.0000
NM_181397.I3.Ini	10000	0.0000	0.0000
NM_181397.I3.Ter	10000	0.0000	0.0000
NM_181397.I4.Ini	10000	509.0321	50.9032
NM_181397.I4.Ter	10000	0.0000	0.0000
NM_181397.I7.Ini	10000	0.0000	0.0000
NM_181397.I7.Ter	10000	0.0000	0.0000
XM_006524151.I2.Ini	10000	29.1143	2.9114
XM_006524151.I2.Ter	10000	0.0000	0.0000
XM_006524151.I4.Ini	10000	0.0000	0.0000
XM_006524151.I4.Ter	10000	11.8145	1.1815
XM_006524151.I5.Ini	10000	0.0000	0.0000
XM_006524151.I5.Ter	10000	12.0958	1.2096
NM_028162.I1.Ini	10000	9.2828	0.9283
NM_028162.I1.Ter	10000	0.0000	0.0000
NM_028162.I2.Ini	10000	0.0000	0.0000
NM_028162.I2.Ter	10000	0.0000	0.0000
NM_028162.I3.Ini	10000	0.0000	0.0000
NM_028162.I3.Ter	10000	0.0000	0.0000
NM_028162.I8.Ini	10000	0.0000	0.0000
NM_028162.I8.Ter	10000	0.0000	0.0000
NM_028162.I13.Ini	10000	0.0000	0.0000
NM_028162.I13.Ter	10000	0.0000	0.0000
NM_028162.I14.Ini	10000	0.0000	0.0000
NM_028162.I14.Ter	10000	0.0000	0.0000
NM_028162.I15.Ini	10000	0.0000	0.0000
NM_028162.I15.Ter	10000	0.0000	0.0000
NM_028162.I18.Ini	10000	0.0000	0.0000
NM_028162.I18.Ter	10000	0.0000	0.0000
NM_001163632.I1.Ini	10000	0.0000	0.0000
NM_001163632.I1.Ter	10000	86.4991	8.6499
NM_001163632.I9.Ini	10000	36.5687	3.6569
NM_001163632.I9.Ter	10000	0.0000	0.0000
NR_045095.I1.Ini	10000	0.0000	0.0000
NR_045095.I1.Ter	10000	0.0000	0.0000
NR_045095.I2.Ini	10000	0.0000	0.0000
NR_045095.I2.Ter	10000	0.0000	0.0000
NM_001031811.I1.Ini	10000	0.0000	0.0000
NM_001031811.I1.Ter	10000	0.0000	0.0000
NM_001031811.I2.Ini	10000	0.0000	0.0000
NM_001031811.I2.Ter	10000	0.0000	0.0000
NM_001031811.I3.Ini	10000	0.0000	0.0000
NM_001031811.I3.Ter	10000	0.0000	0.0000
NM_001031811.I5.Ini	10000	0.0000	0.0000
NM_001031811.I5.Ter	10000	0.0000	0.0000
NM_001031811.I7.Ini	10000	0.0000	0.0000
NM_001031811.I7.Ter	10000	0.0000	0.0000
NM_001031811.I11.Ini	10000	0.0000	0.0000
NM_001031811.I11.Ter	10000	0.0000	0.0000
NM_173449.I1.Ini	10000	0.0000	0.0000
NM_173449.I1.Ter	10000	0.0000	0.0000
XR_385299.I1.Ini	10000	33.0525	3.3053
XR_385299.I1.Ter	10000	0.0000	0.0000
NM_139138.I15.Ini	10000	0.0000	0.0000
NM_139138.I15.Ter	10000	0.0000	0.0000
XR_876883.I1.Ini	10000	0.0000	0.0000
XR_876883.I1.Ter	10000	223.7257	22.3726
NM_009056.I1.Ini	10000	0.0000	0.0000
NM_009056.I1.Ter	10000	0.0000	0.0000
NM_175731.I1.Ini	10000	0.0000	0.0000
NM_175731.I1.Ter	10000	0.0000	0.0000
XM_006523601.I2.Ini	10000	0.0000	0.0000
XM_006523601.I2.Ter	10000	0.0000	0.0000
XM_006523601.I12.Ini	10000	0.0000	0.0000
XM_006523601.I12.Ter	10000	0.0000	0.0000
XM_006524742.I1.Ini	10000	0.0000	0.0000
XM_006524742.I1.Ter	10000	0.0000	0.0000
XM_006524742.I3.Ini	10000	0.0000	0.0000
XM_006524742.I3.Ter	10000	0.0000	0.0000
XM_006524742.I4.Ini	10000	0.0000	0.0000
XM_006524742.I4.Ter	10000	0.0000	0.0000
XM_006524742.I6.Ini	10000	0.0000	0.0000
XM_006524742.I6.Ter	10000	0.0000	0.0000
XM_006524742.I9.Ini	10000	0.0000	0.0000
XM_006524742.I9.Ter	10000	0.0000	0.0000
XM_006524742.I10.Ini	10000	0.0000	0.0000
XM_006524742.I10.Ter	10000	0.0000	0.0000
XM_006524742.I11.Ini	10000	0.0000	0.0000
XM_006524742.I11.Ter	10000	0.0000	0.0000
XM_006524742.I12.Ini	10000	0.0000	0.0000
XM_006524742.I12.Ter	10000	0.0000	0.0000
XM_006524742.I18.Ini	10000	0.0000	0.0000
XM_006524742.I18.Ter	10000	0.0000	0.0000
XM_006524742.I20.Ini	10000	0.0000	0.0000
XM_006524742.I20.Ter	10000	0.0000	0.0000
NM_027001.I8.Ini	10000	0.0000	0.0000
NM_027001.I8.Ter	10000	0.0000	0.0000
XM_003085139.I1.Ini	10000	0.0000	0.0000
XM_003085139.I1.Ter	10000	0.0000	0.0000
NM_010109.I1.Ini	10000	66.3863	6.6386
NM_010109.I1.Ter	10000	0.0000	0.0000
NM_010109.I2.Ini	10000	0.0000	0.0000
NM_010109.I2.Ter	10000	0.0000	0.0000
NM_015794.I4.Ini	10000	13.3617	1.3362
NM_015794.I4.Ter	10000	0.0000	0.0000
NM_015794.I5.Ini	10000	0.0000	0.0000
NM_015794.I5.Ter	10000	0.0000	0.0000
NM_015794.I6.Ini	10000	28.5517	2.8552
NM_015794.I6.Ter	10000	0.0000	0.0000
NM_015794.I7.Ini	10000	22.3632	2.2363
NM_015794.I7.Ter	10000	0.0000	0.0000
NM_015794.I8.Ini	10000	0.0000	0.0000
NM_015794.I8.Ter	10000	0.0000	0.0000
XM_011246293.I10.Ini	10000	9.5641	0.9564
XM_011246293.I10.Ter	10000	0.0000	0.0000
XM_011246293.I13.Ini	10000	0.0000	0.0000
XM_011246293.I13.Ter	10000	0.0000	0.0000
XM_011246293.I16.Ini	10000	0.0000	0.0000
XM_011246293.I16.Ter	10000	0.0000	0.0000
XM_011246293.I17.Ini	10000	13.5023	1.3502
XM_011246293.I17.Ter	10000	0.0000	0.0000
NR_045899.I1.Ini	10000	0.0000	0.0000
NR_045899.I1.Ter	10000	0.0000	0.0000
NM_008549.I1.Ini	10000	0.0000	0.0000
NM_008549.I1.Ter	10000	33.8964	3.3896
NM_008549.I12.Ini	10000	0.0000	0.0000
NM_008549.I12.Ter	10000	0.0000	0.0000
XM_006524492.I1.Ini	10000	0.0000	0.0000
XM_006524492.I1.Ter	10000	0.0000	0.0000
XM_006524492.I6.Ini	10000	0.0000	0.0000
XM_006524492.I6.Ter	10000	0.0000	0.0000
XM_006524492.I9.Ini	10000	0.0000	0.0000
XM_006524492.I9.Ter	10000	0.0000	0.0000
XM_006524492.I10.Ini	10000	0.0000	0.0000
XM_006524492.I10.Ter	10000	0.0000	0.0000
XM_006524492.I11.Ini	10000	0.0000	0.0000
XM_006524492.I11.Ter	10000	0.0000	0.0000
NM_133685.I1.Ini	10000	0.0000	0.0000
NM_133685.I1.Ter	10000	9.0015	0.9002
NM_133685.I5.Ini	10000	0.0000	0.0000
NM_133685.I5.Ter	10000	0.0000	0.0000
XM_006523399.I1.Ini	10000	15.4714	1.5471
XM_006523399.I1.Ter	10000	12.7991	1.2799
XM_006523399.I7.Ini	10000	27.4969	2.7497
XM_006523399.I7.Ter	10000	0.0000	0.0000
XM_006524849.I3.Ini	10000	19.6909	1.9691
XM_006524849.I3.Ter	10000	9.9861	0.9986
NM_028998.I2.Ini	10000	0.0000	0.0000
NM_028998.I2.Ter	10000	0.0000	0.0000
NM_008984.I1.Ini	10000	0.0000	0.0000
NM_008984.I1.Ter	10000	0.0000	0.0000
NM_008984.I2.Ini	10000	0.0000	0.0000
NM_008984.I2.Ter	10000	0.0000	0.0000
NM_008984.I7.Ini	10000	0.0000	0.0000
NM_008984.I7.Ter	10000	0.0000	0.0000
NM_008984.I11.Ini	10000	0.0000	0.0000
NM_008984.I11.Ter	10000	0.0000	0.0000
NM_008984.I13.Ini	10000	0.0000	0.0000
NM_008984.I13.Ter	10000	0.0000	0.0000
NM_008984.I14.Ini	10000	0.0000	0.0000
NM_008984.I14.Ter	10000	0.0000	0.0000
NM_008984.I17.Ini	10000	0.0000	0.0000
NM_008984.I17.Ter	10000	0.0000	0.0000
NM_008984.I21.Ini	10000	0.0000	0.0000
NM_008984.I21.Ter	10000	0.0000	0.0000
XR_385719.I2.Ini	10000	0.0000	0.0000
XR_385719.I2.Ter	10000	0.0000	0.0000
XM_006523717.I3.Ini	10000	0.0000	0.0000
XM_006523717.I3.Ter	10000	0.0000	0.0000
NM_172964.I1.Ini	10000	0.0000	0.0000
NM_172964.I1.Ter	10000	0.0000	0.0000
XM_006524417.I1.Ini	10000	0.0000	0.0000
XM_006524417.I1.Ter	10000	189.5011	18.9501
XM_006524417.I3.Ini	10000	0.0000	0.0000
XM_006524417.I3.Ter	10000	0.0000	0.0000
XM_006524417.I4.Ini	10000	0.0000	0.0000
XM_006524417.I4.Ter	10000	0.0000	0.0000
XM_006524417.I5.Ini	10000	0.0000	0.0000
XM_006524417.I5.Ter	10000	0.0000	0.0000
XM_006524417.I6.Ini	10000	0.0000	0.0000
XM_006524417.I6.Ter	10000	0.0000	0.0000
XM_006524417.I11.Ini	10000	0.0000	0.0000
XM_006524417.I11.Ter	10000	0.0000	0.0000
XM_006524417.I13.Ini	10000	0.0000	0.0000
XM_006524417.I13.Ter	10000	0.0000	0.0000
XM_006524417.I14.Ini	10000	0.0000	0.0000
XM_006524417.I14.Ter	10000	0.0000	0.0000
XM_006524417.I15.Ini	10000	0.0000	0.0000
XM_006524417.I15.Ter	10000	0.0000	0.0000
XM_006524417.I17.Ini	10000	0.0000	0.0000
XM_006524417.I17.Ter	10000	0.0000	0.0000
XM_006523618.I1.Ini	10000	0.0000	0.0000
XM_006523618.I1.Ter	10000	0.0000	0.0000
XM_006523618.I3.Ini	10000	0.0000	0.0000
XM_006523618.I3.Ter	10000	11.6739	1.1674
XR_876922.I2.Ini	10000	0.0000	0.0000
XR_876922.I2.Ter	10000	0.0000	0.0000
XM_006524415.I1.Ini	10000	0.0000	0.0000
XM_006524415.I1.Ter	10000	10.2674	1.0267
XR_001782148.I1.Ini	10000	0.0000	0.0000
XR_001782148.I1.Ter	10000	0.0000	0.0000
XM_006524172.I1.Ini	10000	0.0000	0.0000
XM_006524172.I1.Ter	10000	0.0000	0.0000
XM_006524172.I2.Ini	10000	0.0000	0.0000
XM_006524172.I2.Ter	10000	0.0000	0.0000
XM_006524172.I3.Ini	10000	0.0000	0.0000
XM_006524172.I3.Ter	10000	0.0000	0.0000
XM_006524172.I4.Ini	10000	0.0000	0.0000
XM_006524172.I4.Ter	10000	0.0000	0.0000
XM_006524172.I5.Ini	10000	0.0000	0.0000
XM_006524172.I5.Ter	10000	0.0000	0.0000
XM_006524172.I7.Ini	10000	0.0000	0.0000
XM_006524172.I7.Ter	10000	0.0000	0.0000
XM_006524172.I9.Ini	10000	0.0000	0.0000
XM_006524172.I9.Ter	10000	0.0000	0.0000
XM_006524172.I10.Ini	10000	0.0000	0.0000
XM_006524172.I10.Ter	10000	0.0000	0.0000
XM_006524172.I12.Ini	10000	0.0000	0.0000
XM_006524172.I12.Ter	10000	0.0000	0.0000
XM_006524172.I13.Ini	10000	0.0000	0.0000
XM_006524172.I13.Ter	10000	0.0000	0.0000
XR_876929.I1.Ini	10000	0.0000	0.0000
XR_876929.I1.Ter	10000	0.0000	0.0000
XR_876929.I2.Ini	10000	0.0000	0.0000
XR_876929.I2.Ter	10000	0.0000	0.0000
XR_001782149.I3.Ini	10000	0.0000	0.0000
XR_001782149.I3.Ter	10000	0.0000	0.0000
XR_385732.I1.Ini	10000	0.0000	0.0000
XR_385732.I1.Ter	10000	0.0000	0.0000
XR_001782184.I2.Ini	10000	0.0000	0.0000
XR_001782184.I2.Ter	10000	0.0000	0.0000
XM_006524787.I1.Ini	10000	0.0000	0.0000
XM_006524787.I1.Ter	10000	33.8964	3.3896
XM_011246461.I2.Ini	10000	0.0000	0.0000
XM_011246461.I2.Ter	10000	0.0000	0.0000
NM_007439.I1.Ini	10000	0.0000	0.0000
NM_007439.I1.Ter	10000	0.0000	0.0000
NM_007439.I3.Ini	10000	0.0000	0.0000
NM_007439.I3.Ter	10000	0.0000	0.0000
NM_007439.I4.Ini	10000	0.0000	0.0000
NM_007439.I4.Ter	10000	0.0000	0.0000
NM_007439.I5.Ini	10000	0.0000	0.0000
NM_007439.I5.Ter	10000	0.0000	0.0000
NM_007439.I11.Ini	10000	0.0000	0.0000
NM_007439.I11.Ter	10000	0.0000	0.0000
NM_001081071.I1.Ini	10000	0.0000	0.0000
NM_001081071.I1.Ter	10000	0.0000	0.0000
NM_001081071.I5.Ini	10000	19.5502	1.9550
NM_001081071.I5.Ter	10000	0.0000	0.0000
NM_027864.I1.Ini	10000	0.0000	0.0000
NM_027864.I1.Ter	10000	0.0000	0.0000
NM_027864.I2.Ini	10000	0.0000	0.0000
NM_027864.I2.Ter	10000	0.0000	0.0000
NM_053188.I1.Ini	10000	0.0000	0.0000
NM_053188.I1.Ter	10000	0.0000	0.0000
XM_006525109.I2.Ini	10000	33.4745	3.3474
XM_006525109.I2.Ter	10000	0.1406	0.0141
XM_006525025.I13.Ini	10000	0.0000	0.0000
XM_006525025.I13.Ter	10000	0.0000	0.0000
NM_019919.I2.Ini	10000	0.0000	0.0000
NM_019919.I2.Ter	10000	0.0000	0.0000
NM_019919.I3.Ini	10000	0.0000	0.0000
NM_019919.I3.Ter	10000	0.0000	0.0000
NM_019919.I4.Ini	10000	0.0000	0.0000
NM_019919.I4.Ter	10000	0.0000	0.0000
NM_019919.I5.Ini	10000	0.0000	0.0000
NM_019919.I5.Ter	10000	0.0000	0.0000
NM_019919.I7.Ini	10000	0.0000	0.0000
NM_019919.I7.Ter	10000	0.0000	0.0000
NM_019919.I24.Ini	10000	0.0000	0.0000
NM_019919.I24.Ter	10000	0.0000	0.0000
NM_019919.I31.Ini	10000	0.0000	0.0000
NM_019919.I31.Ter	10000	0.0000	0.0000
XM_006524271.I1.Ini	10000	0.0000	0.0000
XM_006524271.I1.Ter	10000	0.0000	0.0000
XM_006524601.I1.Ini	10000	0.0000	0.0000
XM_006524601.I1.Ter	10000	0.0000	0.0000
XM_006524601.I2.Ini	10000	0.0000	0.0000
XM_006524601.I2.Ter	10000	0.0000	0.0000
XM_006524601.I3.Ini	10000	0.0000	0.0000
XM_006524601.I3.Ter	10000	0.0000	0.0000
XM_006525028.I1.Ini	10000	0.0000	0.0000
XM_006525028.I1.Ter	10000	0.0000	0.0000
XR_001782251.I1.Ini	10000	0.0000	0.0000
XR_001782251.I1.Ter	10000	0.0000	0.0000
XR_001782251.I3.Ini	10000	0.0000	0.0000
XR_001782251.I3.Ter	10000	0.0000	0.0000
XM_006524357.I1.Ini	10000	0.0000	0.0000
XM_006524357.I1.Ter	10000	0.0000	0.0000
NM_029239.I2.Ini	10000	0.0000	0.0000
NM_029239.I2.Ter	10000	0.0000	0.0000
XR_876983.I1.Ini	10000	0.0000	0.0000
XR_876983.I1.Ter	10000	0.0000	0.0000
XM_006524498.I1.Ini	10000	0.0000	0.0000
XM_006524498.I1.Ter	10000	0.0000	0.0000
XM_006524498.I4.Ini	10000	0.0000	0.0000
XM_006524498.I4.Ter	10000	0.0000	0.0000
XR_876985.I1.Ini	10000	0.0000	0.0000
XR_876985.I1.Ter	10000	0.0000	0.0000
NM_176963.I4.Ini	10000	0.0000	0.0000
NM_176963.I4.Ter	10000	0.0000	0.0000
XM_006524512.I2.Ini	10000	0.0000	0.0000
XM_006524512.I2.Ter	10000	0.0000	0.0000
XM_006524512.I18.Ini	10000	0.0000	0.0000
XM_006524512.I18.Ter	10000	0.0000	0.0000
XM_006524198.I1.Ini	10000	33.0525	3.3053
XM_006524198.I1.Ter	10000	0.0000	0.0000
NR_131127.I1.Ini	10000	0.0000	0.0000
NR_131127.I1.Ter	10000	0.0000	0.0000
NM_026516.I1.Ini	10000	0.0000	0.0000
NM_026516.I1.Ter	10000	0.0000	0.0000
NM_001112798.I1.Ini	10000	0.0000	0.0000
NM_001112798.I1.Ter	10000	0.0000	0.0000
NM_001112798.I2.Ini	10000	43.4605	4.3461
NM_001112798.I2.Ter	10000	0.0000	0.0000
XR_877007.I2.Ini	10000	0.0000	0.0000
XR_877007.I2.Ter	10000	0.0000	0.0000
XR_877011.I4.Ini	10000	0.0000	0.0000
XR_877011.I4.Ter	10000	0.0000	0.0000
NR_045094.I2.Ini	10000	0.0000	0.0000
NR_045094.I2.Ter	10000	0.0000	0.0000
NM_001286567.I1.Ini	10000	30.8021	3.0802
NM_001286567.I1.Ter	10000	0.0000	0.0000
XM_006524200.I1.Ini	10000	0.0000	0.0000
XM_006524200.I1.Ter	10000	0.0000	0.0000
XM_006523511.I3.Ini	10000	0.0000	0.0000
XM_006523511.I3.Ter	10000	0.0000	0.0000
XR_385838.I1.Ini	10000	0.0000	0.0000
XR_385838.I1.Ter	10000	0.0000	0.0000
XM_006524274.I26.Ini	10000	16.3153	1.6315
XM_006524274.I26.Ter	10000	0.0000	0.0000
XM_006524274.I28.Ini	10000	13.5023	1.3502
XM_006524274.I28.Ter	10000	11.8145	1.1815
XM_006524274.I29.Ini	10000	13.3617	1.3362
XM_006524274.I29.Ter	10000	0.0000	0.0000
XM_006524274.I30.Ini	10000	20.1128	2.0113
XM_006524274.I30.Ter	10000	0.0000	0.0000
XM_006524274.I31.Ini	10000	0.0000	0.0000
XM_006524274.I31.Ter	10000	0.0000	0.0000
XM_006524274.I36.Ini	10000	0.0000	0.0000
XM_006524274.I36.Ter	10000	0.0000	0.0000
XR_877064.I2.Ini	10000	0.0000	0.0000
XR_877064.I2.Ter	10000	0.0000	0.0000
XM_017317382.I2.Ini	10000	0.0000	0.0000
XM_017317382.I2.Ter	10000	0.0000	0.0000
XR_877065.I2.Ini	10000	0.0000	0.0000
XR_877065.I2.Ter	10000	0.0000	0.0000
NR_027929.I2.Ini	10000	0.0000	0.0000
NR_027929.I2.Ter	10000	0.0000	0.0000
NM_001159497.I1.Ini	10000	2.1097	0.2110
NM_001159497.I1.Ter	10000	12.3771	1.2377
XM_006524992.I3.Ini	10000	0.0000	0.0000
XM_006524992.I3.Ter	10000	0.0000	0.0000
XM_006524992.I7.Ini	10000	0.0000	0.0000
XM_006524992.I7.Ter	10000	0.0000	0.0000
XM_011246335.I1.Ini	10000	37.8346	3.7835
XM_011246335.I1.Ter	10000	0.0000	0.0000
XR_877085.I4.Ini	10000	0.0000	0.0000
XR_877085.I4.Ter	10000	10.6893	1.0689
XM_011246728.I14.Ini	10000	27.0046	2.7005
XM_011246728.I14.Ter	10000	12.6584	1.2658
XM_011246728.I16.Ini	10000	25.3168	2.5317
XM_011246728.I16.Ter	10000	13.2210	1.3221
XM_017317328.I1.Ini	10000	20.3941	2.0394
XM_017317328.I1.Ter	10000	0.0000	0.0000
XM_017317328.I2.Ini	10000	0.0000	0.0000
XM_017317328.I2.Ter	10000	0.0000	0.0000
XM_017317328.I10.Ini	10000	0.0000	0.0000
XM_017317328.I10.Ter	10000	0.0000	0.0000
XM_017317328.I11.Ini	10000	0.0000	0.0000
XM_017317328.I11.Ter	10000	0.0000	0.0000
NM_010137.I1.Ini	10000	0.0000	0.0000
NM_010137.I1.Ter	10000	0.0000	0.0000
NM_145491.I2.Ini	10000	28.2704	2.8270
NM_145491.I2.Ter	10000	28.4111	2.8411
XM_006524674.I1.Ini	10000	43.3199	4.3320
XM_006524674.I1.Ter	10000	0.0000	0.0000
XM_006525072.I3.Ini	10000	0.0000	0.0000
XM_006525072.I3.Ter	10000	0.0000	0.0000
NM_199251.I1.Ini	10000	0.0000	0.0000
NM_199251.I1.Ter	10000	0.0000	0.0000
XM_006524203.I1.Ini	10000	12.6584	1.2658
XM_006524203.I1.Ter	10000	30.5208	3.0521
XR_385899.I1.Ini	10000	17.1592	1.7159
XR_385899.I1.Ter	10000	0.0000	0.0000
XR_877113.I1.Ini	10000	0.0000	0.0000
XR_877113.I1.Ter	10000	0.0000	0.0000
XR_877113.I3.Ini	10000	0.0000	0.0000
XR_877113.I3.Ter	10000	0.0000	0.0000
XR_877103.I1.Ini	10000	0.0000	0.0000
XR_877103.I1.Ter	10000	0.0000	0.0000
XR_877103.I2.Ini	10000	0.0000	0.0000
XR_877103.I2.Ter	10000	0.0000	0.0000
NM_180974.I1.Ini	10000	0.0000	0.0000
NM_180974.I1.Ter	10000	0.0000	0.0000
XM_006525113.I1.Ini	10000	0.0000	0.0000
XM_006525113.I1.Ter	10000	0.0000	0.0000
XM_011246310.I10.Ini	10000	0.0000	0.0000
XM_011246310.I10.Ter	10000	0.0000	0.0000
NM_013523.I1.Ini	10000	0.0000	0.0000
NM_013523.I1.Ter	10000	0.0000	0.0000
NM_013523.I2.Ini	10000	0.0000	0.0000
NM_013523.I2.Ter	10000	0.0000	0.0000
NM_013523.I4.Ini	10000	0.0000	0.0000
NM_013523.I4.Ter	10000	0.0000	0.0000
NM_177284.I2.Ini	10000	0.0000	0.0000
NM_177284.I2.Ter	10000	0.0000	0.0000
NM_177284.I4.Ini	10000	0.0000	0.0000
NM_177284.I4.Ter	10000	0.0000	0.0000
NM_177284.I6.Ini	10000	0.0000	0.0000
NM_177284.I6.Ter	10000	0.0000	0.0000
NM_177284.I10.Ini	10000	0.0000	0.0000
NM_177284.I10.Ter	10000	0.0000	0.0000
NM_177284.I13.Ini	10000	0.0000	0.0000
NM_177284.I13.Ter	10000	5.2040	0.5204
NM_177284.I15.Ini	10000	0.0000	0.0000
NM_177284.I15.Ter	10000	0.0000	0.0000
NM_177284.I16.Ini	10000	0.0000	0.0000
NM_177284.I16.Ter	10000	0.0000	0.0000
NM_177284.I17.Ini	10000	0.0000	0.0000
NM_177284.I17.Ter	10000	0.0000	0.0000
NM_177284.I19.Ini	10000	0.0000	0.0000
NM_177284.I19.Ter	10000	0.0000	0.0000
NM_177284.I20.Ini	10000	0.0000	0.0000
NM_177284.I20.Ter	10000	0.0000	0.0000
NR_045964.I3.Ini	10000	17.5811	1.7581
NR_045964.I3.Ter	10000	0.0000	0.0000
XM_006525576.I3.Ini	10000	0.0000	0.0000
XM_006525576.I3.Ter	10000	5.9073	0.5907
XM_006525576.I5.Ini	10000	0.0000	0.0000
XM_006525576.I5.Ter	10000	0.0000	0.0000
NR_033457.I1.Ini	10000	13.9243	1.3924
NR_033457.I1.Ter	10000	10.2674	1.0267
XM_006525904.I1.Ini	10000	0.0000	0.0000
XM_006525904.I1.Ter	10000	0.0000	0.0000
XM_006525904.I2.Ini	10000	0.0000	0.0000
XM_006525904.I2.Ter	10000	0.0000	0.0000
XR_877157.I1.Ini	10000	0.0000	0.0000
XR_877157.I1.Ter	10000	10.1267	1.0127
XM_006525789.I1.Ini	10000	0.0000	0.0000
XM_006525789.I1.Ter	10000	0.0000	0.0000
XM_006525789.I2.Ini	10000	0.0000	0.0000
XM_006525789.I2.Ter	10000	0.0000	0.0000
XM_006525905.I1.Ini	10000	0.0000	0.0000
XM_006525905.I1.Ter	10000	0.0000	0.0000
XM_006525905.I2.Ini	10000	0.0000	0.0000
XM_006525905.I2.Ter	10000	0.0000	0.0000
XM_006525905.I3.Ini	10000	0.0000	0.0000
XM_006525905.I3.Ter	10000	0.0000	0.0000
NR_033552.I3.Ini	10000	0.0000	0.0000
NR_033552.I3.Ter	10000	0.0000	0.0000
NR_033552.I6.Ini	10000	0.0000	0.0000
NR_033552.I6.Ter	10000	0.0000	0.0000
NM_011546.I1.Ini	10000	47.3987	4.7399
NM_011546.I1.Ter	10000	40.2256	4.0226
NM_011546.I2.Ini	10000	0.0000	0.0000
NM_011546.I2.Ter	10000	24.0510	2.4051
NM_029277.I3.Ini	10000	0.0000	0.0000
NM_029277.I3.Ter	10000	0.0000	0.0000
XR_877173.I1.Ini	10000	0.0000	0.0000
XR_877173.I1.Ter	10000	0.0000	0.0000
XR_877173.I2.Ini	10000	0.0000	0.0000
XR_877173.I2.Ter	10000	0.0000	0.0000
NM_007935.I1.Ini	10000	0.0000	0.0000
NM_007935.I1.Ter	10000	0.0000	0.0000
NM_177595.I5.Ini	10000	0.0000	0.0000
NM_177595.I5.Ter	10000	0.0000	0.0000
XR_001782498.I1.Ini	10000	0.0000	0.0000
XR_001782498.I1.Ter	10000	59.0960	5.9096
XM_006526311.I11.Ini	10000	0.0000	0.0000
XM_006526311.I11.Ter	10000	0.0000	0.0000
XM_006526311.I17.Ini	10000	0.0000	0.0000
XM_006526311.I17.Ter	10000	0.0000	0.0000
XM_006526311.I18.Ini	10000	0.0000	0.0000
XM_006526311.I18.Ter	10000	0.0000	0.0000
XM_006526311.I20.Ini	10000	0.0000	0.0000
XM_006526311.I20.Ter	10000	0.0000	0.0000
NM_001081287.I1.Ini	10000	0.0000	0.0000
NM_001081287.I1.Ter	10000	0.0000	0.0000
NM_001081287.I2.Ini	10000	0.0000	0.0000
NM_001081287.I2.Ter	10000	0.0000	0.0000
NM_001081287.I3.Ini	10000	0.0000	0.0000
NM_001081287.I3.Ter	10000	0.0000	0.0000
NM_001081287.I11.Ini	10000	0.0000	0.0000
NM_001081287.I11.Ter	10000	0.0000	0.0000
NM_001081287.I12.Ini	10000	0.0000	0.0000
NM_001081287.I12.Ter	10000	0.0000	0.0000
NM_001081287.I13.Ini	10000	0.0000	0.0000
NM_001081287.I13.Ter	10000	0.0000	0.0000
NM_001282093.I3.Ini	10000	8.5796	0.8580
NM_001282093.I3.Ter	10000	17.5811	1.7581
XR_386043.I1.Ini	10000	0.0000	0.0000
XR_386043.I1.Ter	10000	0.0000	0.0000
NM_026484.I1.Ini	10000	14.3462	1.4346
NM_026484.I1.Ter	10000	0.0000	0.0000
NM_026484.I3.Ini	10000	30.8021	3.0802
NM_026484.I3.Ter	10000	40.3663	4.0366
NM_130449.I2.Ini	10000	0.0000	0.0000
NM_130449.I2.Ter	10000	0.0000	0.0000
NM_009071.I1.Ini	10000	0.0000	0.0000
NM_009071.I1.Ter	10000	54083.9323	5408.3932
XM_006526068.I1.Ini	10000	0.0000	0.0000
XM_006526068.I1.Ter	10000	0.0000	0.0000
XR_385966.I3.Ini	10000	0.0000	0.0000
XR_385966.I3.Ter	10000	0.0000	0.0000
XR_385966.I4.Ini	10000	0.0000	0.0000
XR_385966.I4.Ter	10000	0.0000	0.0000
XR_386047.I2.Ini	10000	0.0000	0.0000
XR_386047.I2.Ter	10000	0.0000	0.0000
NM_001252495.I1.Ini	10000	0.0000	0.0000
NM_001252495.I1.Ter	10000	28.2704	2.8270
NM_001146287.I1.Ini	10000	0.0000	0.0000
NM_001146287.I1.Ter	10000	14.2055	1.4206
XM_011246967.I5.Ini	10000	0.0000	0.0000
XM_011246967.I5.Ter	10000	21.2380	2.1238
XM_011246967.I12.Ini	10000	0.0000	0.0000
XM_011246967.I12.Ter	10000	0.0000	0.0000
XM_006525685.I1.Ini	10000	0.0000	0.0000
XM_006525685.I1.Ter	10000	0.0000	0.0000
XM_006525685.I2.Ini	10000	0.0000	0.0000
XM_006525685.I2.Ter	10000	0.0000	0.0000
NM_028341.I1.Ini	10000	22.0819	2.2082
NM_028341.I1.Ter	10000	0.0000	0.0000
NM_028341.I6.Ini	10000	13.9243	1.3924
NM_028341.I6.Ter	10000	12.2365	1.2236
XM_006526143.I14.Ini	10000	7.3137	0.7314
XM_006526143.I14.Ter	10000	0.0000	0.0000
XM_006526143.I15.Ini	10000	0.0000	0.0000
XM_006526143.I15.Ter	10000	0.2110	0.0211
XM_006526143.I16.Ini	10000	0.0000	0.0000
XM_006526143.I16.Ter	10000	12.3771	1.2377
XR_877193.I2.Ini	10000	0.0000	0.0000
XR_877193.I2.Ter	10000	0.0000	0.0000
XM_011246894.I2.Ini	10000	0.0000	0.0000
XM_011246894.I2.Ter	10000	8.6499	0.8650
XM_011246894.I3.Ini	10000	0.0000	0.0000
XM_011246894.I3.Ter	10000	0.0000	0.0000
XM_011246894.I4.Ini	10000	0.0000	0.0000
XM_011246894.I4.Ter	10000	0.0000	0.0000
XM_011246894.I5.Ini	10000	0.0000	0.0000
XM_011246894.I5.Ter	10000	0.0000	0.0000
XM_011246894.I7.Ini	10000	0.0000	0.0000
XM_011246894.I7.Ter	10000	0.0000	0.0000
NR_045373.I2.Ini	10000	0.0000	0.0000
NR_045373.I2.Ter	10000	0.0000	0.0000
XM_006526293.I4.Ini	10000	0.0000	0.0000
XM_006526293.I4.Ter	10000	0.0000	0.0000
XR_877141.I14.Ini	10000	0.0000	0.0000
XR_877141.I14.Ter	10000	0.0000	0.0000
NM_134112.I1.Ini	10000	0.0000	0.0000
NM_134112.I1.Ter	10000	0.0000	0.0000
NM_134112.I2.Ini	10000	0.0000	0.0000
NM_134112.I2.Ter	10000	0.0000	0.0000
NR_045372.I3.Ini	10000	0.0000	0.0000
NR_045372.I3.Ter	10000	0.0000	0.0000
NM_199055.I1.Ini	10000	0.0000	0.0000
NM_199055.I1.Ter	10000	0.0000	0.0000
NM_199055.I2.Ini	10000	0.0000	0.0000
NM_199055.I2.Ter	10000	0.0000	0.0000
NM_199055.I3.Ini	10000	0.0000	0.0000
NM_199055.I3.Ter	10000	0.0000	0.0000
XR_386087.I1.Ini	10000	0.0000	0.0000
XR_386087.I1.Ter	10000	3.3756	0.3376
XR_386087.I2.Ini	10000	0.0000	0.0000
XR_386087.I2.Ter	10000	0.0000	0.0000
XR_386088.I2.Ini	10000	0.0000	0.0000
XR_386088.I2.Ter	10000	0.0000	0.0000
NM_007664.I1.Ini	10000	35.4435	3.5444
NM_007664.I1.Ter	10000	26.7233	2.6723
NM_007664.I2.Ini	10000	33.4745	3.3474
NM_007664.I2.Ter	10000	14.2055	1.4206
NM_007664.I14.Ini	10000	0.0000	0.0000
NM_007664.I14.Ter	10000	0.0000	0.0000
NR_130158.I4.Ini	10000	0.0000	0.0000
NR_130158.I4.Ter	10000	0.0000	0.0000
XR_386094.I1.Ini	10000	0.0000	0.0000
XR_386094.I1.Ter	10000	0.0000	0.0000
XR_386096.I4.Ini	10000	0.0000	0.0000
XR_386096.I4.Ter	10000	0.0000	0.0000
XR_386098.I1.Ini	10000	0.0000	0.0000
XR_386098.I1.Ter	10000	0.0000	0.0000
NM_026301.I1.Ini	10000	0.0000	0.0000
NM_026301.I1.Ter	10000	0.0000	0.0000
NM_001033445.I1.Ini	10000	17.0185	1.7019
NM_001033445.I1.Ter	10000	18.9876	1.8988
NM_001033445.I2.Ini	10000	0.0000	0.0000
NM_001033445.I2.Ter	10000	0.0000	0.0000
XR_877209.I1.Ini	10000	0.0000	0.0000
XR_877209.I1.Ter	10000	0.0000	0.0000
XR_877209.I2.Ini	10000	0.0000	0.0000
XR_877209.I2.Ter	10000	0.0000	0.0000
XR_877209.I5.Ini	10000	0.0000	0.0000
XR_877209.I5.Ter	10000	0.0000	0.0000
XM_006525823.I1.Ini	10000	0.0000	0.0000
XM_006525823.I1.Ter	10000	0.0000	0.0000
XM_006525823.I2.Ini	10000	0.0000	0.0000
XM_006525823.I2.Ter	10000	0.0000	0.0000
XM_006525823.I3.Ini	10000	0.0000	0.0000
XM_006525823.I3.Ter	10000	0.0000	0.0000
NM_027616.I12.Ini	10000	0.0000	0.0000
NM_027616.I12.Ter	10000	0.0000	0.0000
NM_027616.I14.Ini	10000	0.0000	0.0000
NM_027616.I14.Ter	10000	0.0000	0.0000
NM_027616.I20.Ini	10000	0.0000	0.0000
NM_027616.I20.Ter	10000	0.0000	0.0000
NM_027616.I21.Ini	10000	0.0000	0.0000
NM_027616.I21.Ter	10000	0.0000	0.0000
NM_027616.I22.Ini	10000	0.0000	0.0000
NM_027616.I22.Ter	10000	0.0000	0.0000
XM_006525739.I1.Ini	10000	0.0000	0.0000
XM_006525739.I1.Ter	10000	0.0000	0.0000
XM_006525739.I3.Ini	10000	0.0000	0.0000
XM_006525739.I3.Ter	10000	0.0000	0.0000
XM_006525739.I5.Ini	10000	0.0000	0.0000
XM_006525739.I5.Ter	10000	0.0000	0.0000
XM_006525739.I9.Ini	10000	0.0000	0.0000
XM_006525739.I9.Ter	10000	0.0000	0.0000
XM_006525998.I1.Ini	10000	0.0000	0.0000
XM_006525998.I1.Ter	10000	0.0000	0.0000
XM_006525998.I2.Ini	10000	0.0000	0.0000
XM_006525998.I2.Ter	10000	0.0000	0.0000
XM_006525998.I5.Ini	10000	0.0000	0.0000
XM_006525998.I5.Ter	10000	0.0000	0.0000
XM_006525998.I6.Ini	10000	0.0000	0.0000
XM_006525998.I6.Ter	10000	0.0000	0.0000
XM_006525998.I8.Ini	10000	0.0000	0.0000
XM_006525998.I8.Ter	10000	0.0000	0.0000
XM_006525998.I9.Ini	10000	0.0000	0.0000
XM_006525998.I9.Ter	10000	0.0000	0.0000
NM_001285813.I1.Ini	10000	0.0000	0.0000
NM_001285813.I1.Ter	10000	0.0000	0.0000
NM_001285813.I2.Ini	10000	0.0000	0.0000
NM_001285813.I2.Ter	10000	0.0000	0.0000
NM_001285813.I4.Ini	10000	0.0000	0.0000
NM_001285813.I4.Ter	10000	0.0000	0.0000
NM_001162942.I1.Ini	10000	0.0000	0.0000
NM_001162942.I1.Ter	10000	0.0000	0.0000
NM_001162942.I2.Ini	10000	0.0000	0.0000
NM_001162942.I2.Ter	10000	0.0000	0.0000
NM_001162942.I3.Ini	10000	22.6445	2.2644
NM_001162942.I3.Ter	10000	0.0000	0.0000
NM_013814.I1.Ini	10000	0.0000	0.0000
NM_013814.I1.Ter	10000	5.9073	0.5907
XR_877231.I1.Ini	10000	0.0000	0.0000
XR_877231.I1.Ter	10000	0.0000	0.0000
XM_006525826.I1.Ini	10000	0.0000	0.0000
XM_006525826.I1.Ter	10000	0.0000	0.0000
XM_006525826.I3.Ini	10000	0.0000	0.0000
XM_006525826.I3.Ter	10000	0.0000	0.0000
XM_006525826.I5.Ini	10000	0.0000	0.0000
XM_006525826.I5.Ter	10000	0.0000	0.0000
XM_006525826.I13.Ini	10000	0.0000	0.0000
XM_006525826.I13.Ter	10000	0.0000	0.0000
XM_006525833.I4.Ini	10000	0.0000	0.0000
XM_006525833.I4.Ter	10000	0.0000	0.0000
XM_006525833.I5.Ini	10000	0.0000	0.0000
XM_006525833.I5.Ter	10000	0.0000	0.0000
XM_006525833.I6.Ini	10000	0.0000	0.0000
XM_006525833.I6.Ter	10000	0.0000	0.0000
XM_006525833.I7.Ini	10000	0.0000	0.0000
XM_006525833.I7.Ter	10000	0.0000	0.0000
XM_006525833.I9.Ini	10000	0.0000	0.0000
XM_006525833.I9.Ter	10000	0.0000	0.0000
XR_001782422.I1.Ini	10000	0.0000	0.0000
XR_001782422.I1.Ter	10000	0.0000	0.0000
XM_017317801.I1.Ini	10000	0.0000	0.0000
XM_017317801.I1.Ter	10000	0.0000	0.0000
XM_017317801.I2.Ini	10000	11.8145	1.1815
XM_017317801.I2.Ter	10000	0.0000	0.0000
XM_017317801.I3.Ini	10000	0.0000	0.0000
XM_017317801.I3.Ter	10000	0.0000	0.0000
XR_386112.I2.Ini	10000	8.8609	0.8861
XR_386112.I2.Ter	10000	0.0000	0.0000
XR_877236.I2.Ini	10000	0.0000	0.0000
XR_877236.I2.Ter	10000	0.0000	0.0000
XR_877236.I3.Ini	10000	0.0000	0.0000
XR_877236.I3.Ter	10000	0.0000	0.0000
XR_877236.I7.Ini	10000	0.0000	0.0000
XR_877236.I7.Ter	10000	0.0000	0.0000
XR_877236.I8.Ini	10000	0.0000	0.0000
XR_877236.I8.Ter	10000	0.0000	0.0000
XR_877236.I11.Ini	10000	0.0000	0.0000
XR_877236.I11.Ter	10000	0.0000	0.0000
XR_877254.I1.Ini	10000	0.0000	0.0000
XR_877254.I1.Ter	10000	0.0000	0.0000
XR_386127.I1.Ini	10000	0.0000	0.0000
XR_386127.I1.Ter	10000	0.0000	0.0000
XR_877258.I4.Ini	10000	0.0000	0.0000
XR_877258.I4.Ter	10000	13.5023	1.3502
NR_045398.I1.Ini	10000	0.0000	0.0000
NR_045398.I1.Ter	10000	0.0000	0.0000
NR_045398.I2.Ini	10000	0.0000	0.0000
NR_045398.I2.Ter	10000	0.0000	0.0000
NR_045398.I3.Ini	10000	0.0000	0.0000
NR_045398.I3.Ter	10000	0.0000	0.0000
NR_045398.I4.Ini	10000	0.0000	0.0000
NR_045398.I4.Ter	10000	0.0000	0.0000
XR_001782529.I5.Ini	10000	0.0000	0.0000
XR_001782529.I5.Ter	10000	0.0000	0.0000
NR_045391.I1.Ini	10000	0.0000	0.0000
NR_045391.I1.Ter	10000	0.0000	0.0000
NR_045391.I7.Ini	10000	0.0000	0.0000
NR_045391.I7.Ter	10000	0.0000	0.0000
XR_386140.I2.Ini	10000	0.0000	0.0000
XR_386140.I2.Ter	10000	0.0000	0.0000
NM_009065.I1.Ini	10000	0.0000	0.0000
NM_009065.I1.Ter	10000	0.0000	0.0000
NM_009065.I2.Ini	10000	0.0000	0.0000
NM_009065.I2.Ter	10000	0.0000	0.0000
NM_009065.I3.Ini	10000	0.0000	0.0000
NM_009065.I3.Ter	10000	0.0000	0.0000
NM_009065.I4.Ini	10000	0.0000	0.0000
NM_009065.I4.Ter	10000	0.0000	0.0000
NM_028866.I1.Ini	10000	0.0000	0.0000
NM_028866.I1.Ter	10000	0.0000	0.0000
NM_028866.I7.Ini	10000	12.6584	1.2658
NM_028866.I7.Ter	10000	18.2844	1.8284
NM_011946.I1.Ini	10000	0.0000	0.0000
NM_011946.I1.Ter	10000	0.0000	0.0000
XM_006525978.I1.Ini	10000	0.1406	0.0141
XM_006525978.I1.Ter	10000	0.0000	0.0000
XM_006526273.I1.Ini	10000	0.0000	0.0000
XM_006526273.I1.Ter	10000	0.0000	0.0000
NR_045381.I2.Ini	10000	0.0000	0.0000
NR_045381.I2.Ter	10000	0.0000	0.0000
NR_045381.I4.Ini	10000	0.0000	0.0000
NR_045381.I4.Ter	10000	0.0000	0.0000
XM_006525544.I4.Ini	10000	0.0000	0.0000
XM_006525544.I4.Ter	10000	0.0000	0.0000
XM_006525544.I5.Ini	10000	0.0000	0.0000
XM_006525544.I5.Ter	10000	0.0000	0.0000
XM_006525544.I8.Ini	10000	0.0000	0.0000
XM_006525544.I8.Ter	10000	0.0000	0.0000
XR_001782548.I1.Ini	10000	0.0000	0.0000
XR_001782548.I1.Ter	10000	0.0000	0.0000
XM_006525628.I2.Ini	10000	0.0000	0.0000
XM_006525628.I2.Ter	10000	0.0000	0.0000
XM_006525628.I3.Ini	10000	0.0000	0.0000
XM_006525628.I3.Ter	10000	0.0000	0.0000
XM_006525628.I13.Ini	10000	0.0000	0.0000
XM_006525628.I13.Ter	10000	0.0000	0.0000
XM_006525628.I18.Ini	10000	0.0000	0.0000
XM_006525628.I18.Ter	10000	0.0000	0.0000
XM_006525529.I1.Ini	10000	7.3137	0.7314
XM_006525529.I1.Ter	10000	16.8779	1.6878
XM_006525849.I1.Ini	10000	0.0000	0.0000
XM_006525849.I1.Ter	10000	14.0649	1.4065
XR_877303.I2.Ini	10000	0.0000	0.0000
XR_877303.I2.Ter	10000	0.0000	0.0000
NM_009818.I1.Ini	10000	70.0432	7.0043
NM_009818.I1.Ter	10000	0.2813	0.0281
NM_009818.I7.Ini	10000	0.0000	0.0000
NM_009818.I7.Ter	10000	0.0000	0.0000
NM_030749.I1.Ini	10000	0.0000	0.0000
NM_030749.I1.Ter	10000	0.1406	0.0141
NM_030749.I2.Ini	10000	18.2844	1.8284
NM_030749.I2.Ter	10000	0.0000	0.0000
NM_030749.I3.Ini	10000	21.9412	2.1941
NM_030749.I3.Ter	10000	0.0000	0.0000
NM_030749.I7.Ini	10000	0.0000	0.0000
NM_030749.I7.Ter	10000	0.0000	0.0000
NM_019912.I1.Ini	10000	51.7588	5.1759
NM_019912.I1.Ter	10000	0.0000	0.0000
XM_006526180.I1.Ini	10000	43.6012	4.3601
XM_006526180.I1.Ter	10000	12.2365	1.2236
XM_006525461.I1.Ini	10000	0.0000	0.0000
XM_006525461.I1.Ter	10000	0.0000	0.0000
NM_001081365.I2.Ini	10000	0.0000	0.0000
NM_001081365.I2.Ter	10000	14.7681	1.4768
NM_026027.I3.Ini	10000	0.0000	0.0000
NM_026027.I3.Ter	10000	10.8300	1.0830
NM_054072.I1.Ini	10000	5.9073	0.5907
NM_054072.I1.Ter	10000	57.9474	5.7947
NM_054072.I3.Ini	10000	10.4080	1.0408
NM_054072.I3.Ter	10000	0.5626	0.0563
NM_198117.I1.Ini	10000	18.9876	1.8988
NM_198117.I1.Ter	10000	57.9474	5.7947
NM_198117.I3.Ini	10000	10.4080	1.0408
NM_198117.I3.Ter	10000	0.5626	0.0563
NM_138662.I1.Ini	10000	0.0000	0.0000
NM_138662.I1.Ter	10000	57.9474	5.7947
NM_138662.I3.Ini	10000	10.4080	1.0408
NM_138662.I3.Ter	10000	0.5626	0.0563
NM_001174154.I1.Ini	10000	0.0000	0.0000
NM_001174154.I1.Ter	10000	0.0000	0.0000
NM_007766.I1.Ini	10000	0.0000	0.0000
NM_007766.I1.Ter	10000	57.9474	5.7947
NM_007766.I3.Ini	10000	10.4080	1.0408
NM_007766.I3.Ter	10000	0.5626	0.0563
NM_009959.I1.Ini	10000	0.0000	0.0000
NM_009959.I1.Ter	10000	57.9474	5.7947
NM_009959.I3.Ini	10000	10.4080	1.0408
NM_009959.I3.Ter	10000	0.5626	0.0563
NM_001301256.I1.Ini	10000	7.0325	0.7032
NM_001301256.I1.Ter	10000	0.0000	0.0000
NM_007767.I1.Ini	10000	7.0325	0.7032
NM_007767.I1.Ter	10000	57.9474	5.7947
NM_007767.I3.Ini	10000	10.4080	1.0408
NM_007767.I3.Ter	10000	0.5626	0.0563
NM_001301259.I1.Ini	10000	0.0000	0.0000
NM_001301259.I1.Ter	10000	0.0000	0.0000
NM_009957.I1.Ini	10000	0.0000	0.0000
NM_009957.I1.Ter	10000	57.9474	5.7947
NM_009957.I3.Ini	10000	10.4080	1.0408
NM_009957.I3.Ter	10000	0.5626	0.0563
NM_201243.I1.Ini	10000	163.8561	16.3856
NM_201243.I1.Ter	10000	57.9474	5.7947
NM_201243.I3.Ini	10000	10.4080	1.0408
NM_201243.I3.Ter	10000	0.5626	0.0563
NM_138661.I1.Ini	10000	10.6893	1.0689
NM_138661.I1.Ter	10000	57.9474	5.7947
NM_138661.I3.Ini	10000	10.4080	1.0408
NM_138661.I3.Ter	10000	0.5626	0.0563
NM_009961.I1.Ini	10000	38.1159	3.8116
NM_009961.I1.Ter	10000	57.9474	5.7947
NM_009961.I3.Ini	10000	10.4080	1.0408
NM_009961.I3.Ter	10000	0.5626	0.0563
NM_009960.I1.Ini	10000	29.1143	2.9114
NM_009960.I1.Ter	10000	57.9474	5.7947
NM_009960.I3.Ini	10000	10.4080	1.0408
NM_009960.I3.Ter	10000	0.5626	0.0563
NM_138663.I1.Ini	10000	0.0000	0.0000
NM_138663.I1.Ter	10000	57.9474	5.7947
NM_138663.I3.Ini	10000	10.4080	1.0408
NM_138663.I3.Ter	10000	0.5626	0.0563
NM_001003671.I1.Ini	10000	17.7218	1.7722
NM_001003671.I1.Ter	10000	57.9474	5.7947
NM_001003671.I3.Ini	10000	10.4080	1.0408
NM_001003671.I3.Ter	10000	0.5626	0.0563
NM_001003672.I3.Ini	10000	10.4080	1.0408
NM_001003672.I3.Ter	10000	0.5626	0.0563
NM_033584.I1.Ini	10000	0.0000	0.0000
NM_033584.I1.Ter	10000	0.0000	0.0000
NM_033585.I1.Ini	10000	103.9396	10.3940
NM_033585.I1.Ter	10000	0.0000	0.0000
NM_033586.I1.Ini	10000	222.0144	22.2014
NM_033586.I1.Ter	10000	0.0000	0.0000
NM_033574.I1.Ini	10000	116.1761	11.6176
NM_033574.I1.Ter	10000	0.0000	0.0000
NM_033587.I1.Ini	10000	146.5563	14.6556
NM_033587.I1.Ter	10000	0.0000	0.0000
NM_033575.I1.Ini	10000	55.9783	5.5978
NM_033575.I1.Ter	10000	0.0000	0.0000
NM_033588.I1.Ini	10000	14.6275	1.4627
NM_033588.I1.Ter	10000	0.0000	0.0000
NM_033589.I1.Ini	10000	0.0000	0.0000
NM_033589.I1.Ter	10000	0.0000	0.0000
NM_033590.I1.Ini	10000	0.0000	0.0000
NM_033590.I1.Ter	10000	0.0000	0.0000
NM_033576.I1.Ini	10000	0.0000	0.0000
NM_033576.I1.Ter	10000	0.0000	0.0000
NM_033591.I1.Ini	10000	0.0000	0.0000
NM_033591.I1.Ter	10000	0.0000	0.0000
NM_033577.I1.Ini	10000	0.0000	0.0000
NM_033577.I1.Ter	10000	0.0000	0.0000
NM_033592.I1.Ini	10000	0.0000	0.0000
NM_033592.I1.Ter	10000	0.0000	0.0000
NM_033578.I1.Ini	10000	19.1283	1.9128
NM_033578.I1.Ter	10000	0.0000	0.0000
NM_033593.I1.Ini	10000	19.1283	1.9128
NM_033593.I1.Ter	10000	0.0000	0.0000
NM_033579.I1.Ini	10000	40.0146	4.0015
NM_033579.I1.Ter	10000	0.0000	0.0000
NM_033594.I1.Ini	10000	31.4351	3.1435
NM_033594.I1.Ter	10000	0.0000	0.0000
NM_033580.I1.Ini	10000	11.3926	1.1393
NM_033580.I1.Ter	10000	0.0000	0.0000
NM_033595.I1.Ini	10000	11.3926	1.1393
NM_033595.I1.Ter	10000	0.0000	0.0000
NM_007858.I1.Ini	10000	8.0170	0.8017
NM_007858.I1.Ter	10000	1.2658	0.1266
NM_007858.I17.Ini	10000	0.0000	0.0000
NM_007858.I17.Ter	10000	0.0000	0.0000
XR_877327.I2.Ini	10000	16.3153	1.6315
XR_877327.I2.Ter	10000	0.0000	0.0000
XR_877327.I3.Ini	10000	0.0000	0.0000
XR_877327.I3.Ter	10000	0.0000	0.0000
XR_877324.I2.Ini	10000	0.0000	0.0000
XR_877324.I2.Ter	10000	0.0000	0.0000
XM_006526149.I1.Ini	10000	9.4235	0.9423
XM_006526149.I1.Ter	10000	0.0000	0.0000
XM_017317989.I1.Ini	10000	0.0000	0.0000
XM_017317989.I1.Ter	10000	0.0000	0.0000
XM_017317989.I2.Ini	10000	0.0000	0.0000
XM_017317989.I2.Ter	10000	0.0000	0.0000
XM_017317989.I3.Ini	10000	0.0000	0.0000
XM_017317989.I3.Ter	10000	0.0000	0.0000
XM_017317989.I4.Ini	10000	0.0000	0.0000
XM_017317989.I4.Ter	10000	0.0000	0.0000
XM_017317989.I14.Ini	10000	12.6584	1.2658
XM_017317989.I14.Ter	10000	0.0000	0.0000
XM_017317989.I15.Ini	10000	0.0000	0.0000
XM_017317989.I15.Ter	10000	0.0000	0.0000
XM_017317989.I20.Ini	10000	0.0000	0.0000
XM_017317989.I20.Ter	10000	0.0000	0.0000
XM_017317989.I23.Ini	10000	35.3029	3.5303
XM_017317989.I23.Ter	10000	0.0000	0.0000
XM_017317831.I2.Ini	10000	22.9258	2.2926
XM_017317831.I2.Ter	10000	0.0000	0.0000
XM_017317952.I1.Ini	10000	10.9706	1.0971
XM_017317952.I1.Ter	10000	0.0000	0.0000
XM_017317952.I2.Ini	10000	0.0000	0.0000
XM_017317952.I2.Ter	10000	0.0000	0.0000
XM_006525662.I1.Ini	10000	0.0000	0.0000
XM_006525662.I1.Ter	10000	9.1422	0.9142
XM_006525662.I2.Ini	10000	35.1622	3.5162
XM_006525662.I2.Ter	10000	0.0000	0.0000
XR_877346.I2.Ini	10000	0.0000	0.0000
XR_877346.I2.Ter	10000	0.0000	0.0000
XR_877346.I3.Ini	10000	0.0000	0.0000
XR_877346.I3.Ter	10000	0.0000	0.0000
XM_017317937.I2.Ini	10000	0.0000	0.0000
XM_017317937.I2.Ter	10000	0.0000	0.0000
XR_877351.I2.Ini	10000	20.7457	2.0746
XR_877351.I2.Ter	10000	0.0000	0.0000
NM_029942.I4.Ini	10000	0.0000	0.0000
NM_029942.I4.Ter	10000	0.0000	0.0000
NM_029942.I5.Ini	10000	0.0000	0.0000
NM_029942.I5.Ter	10000	0.0000	0.0000
NM_001146299.I1.Ini	10000	0.0000	0.0000
NM_001146299.I1.Ter	10000	0.0000	0.0000
NM_001146299.I4.Ini	10000	0.0000	0.0000
NM_001146299.I4.Ter	10000	0.0000	0.0000
XR_386193.I1.Ini	10000	0.0000	0.0000
XR_386193.I1.Ter	10000	0.0000	0.0000
NM_028392.I1.Ini	10000	0.0000	0.0000
NM_028392.I1.Ter	10000	0.0000	0.0000
NM_028392.I4.Ini	10000	19.6909	1.9691
NM_028392.I4.Ter	10000	7.7357	0.7736
NM_028392.I6.Ini	10000	0.0000	0.0000
NM_028392.I6.Ter	10000	10.1267	1.0127
XR_001782437.I3.Ini	10000	0.0000	0.0000
XR_001782437.I3.Ter	10000	0.0000	0.0000
NM_178749.I2.Ini	10000	14.0649	1.4065
NM_178749.I2.Ter	10000	33.8964	3.3896
NM_178749.I5.Ini	10000	29.2550	2.9255
NM_178749.I5.Ter	10000	63.0108	6.3011
NM_001291455.I1.Ini	10000	11.9552	1.1955
NM_001291455.I1.Ter	10000	49.5084	4.9508
XR_877369.I2.Ini	10000	0.0000	0.0000
XR_877369.I2.Ter	10000	0.0000	0.0000
XM_006526338.I1.Ini	10000	14.6275	1.4627
XM_006526338.I1.Ter	10000	0.0000	0.0000
XR_877370.I1.Ini	10000	0.0000	0.0000
XR_877370.I1.Ter	10000	0.0000	0.0000
NM_001085373.I1.Ini	10000	0.0000	0.0000
NM_001085373.I1.Ter	10000	0.0000	0.0000
NM_001085373.I2.Ini	10000	0.0000	0.0000
NM_001085373.I2.Ter	10000	0.0000	0.0000
NM_001085373.I3.Ini	10000	0.0000	0.0000
NM_001085373.I3.Ter	10000	0.0000	0.0000
XR_386198.I1.Ini	10000	0.0000	0.0000
XR_386198.I1.Ter	10000	0.0000	0.0000
NM_001312905.I1.Ini	10000	0.0000	0.0000
NM_001312905.I1.Ter	10000	0.0000	0.0000
NM_001312905.I2.Ini	10000	0.0000	0.0000
NM_001312905.I2.Ter	10000	0.0000	0.0000
NM_001312905.I5.Ini	10000	13.3617	1.3362
NM_001312905.I5.Ter	10000	0.0000	0.0000
NM_001312905.I6.Ini	10000	0.0000	0.0000
NM_001312905.I6.Ter	10000	0.0000	0.0000
XR_877374.I3.Ini	10000	0.0000	0.0000
XR_877374.I3.Ter	10000	0.0000	0.0000
NR_040342.I2.Ini	10000	0.0000	0.0000
NR_040342.I2.Ter	10000	0.0000	0.0000
NR_040342.I3.Ini	10000	0.0000	0.0000
NR_040342.I3.Ter	10000	0.0000	0.0000
XR_001782500.I2.Ini	10000	0.0000	0.0000
XR_001782500.I2.Ter	10000	87.4133	8.7413
NM_001303015.I3.Ini	10000	0.0000	0.0000
NM_001303015.I3.Ter	10000	29.8176	2.9818
XM_017317999.I1.Ini	10000	0.0000	0.0000
XM_017317999.I1.Ter	10000	0.0000	0.0000
XM_006526224.I4.Ini	10000	0.0000	0.0000
XM_006526224.I4.Ter	10000	8.8609	0.8861
XM_006526224.I5.Ini	10000	0.0000	0.0000
XM_006526224.I5.Ter	10000	0.0000	0.0000
XM_006526224.I6.Ini	10000	0.0000	0.0000
XM_006526224.I6.Ter	10000	0.0000	0.0000
XM_006525726.I1.Ini	10000	9.4235	0.9423
XM_006525726.I1.Ter	10000	0.0000	0.0000
XM_006525726.I19.Ini	10000	0.0000	0.0000
XM_006525726.I19.Ter	10000	0.0000	0.0000
NR_033454.I1.Ini	10000	0.0000	0.0000
NR_033454.I1.Ter	10000	0.0000	0.0000
XR_386211.I1.Ini	10000	0.0000	0.0000
XR_386211.I1.Ter	10000	0.0000	0.0000
XR_386213.I1.Ini	10000	0.0000	0.0000
XR_386213.I1.Ter	10000	0.0000	0.0000
NR_045404.I2.Ini	10000	0.0000	0.0000
NR_045404.I2.Ter	10000	0.0000	0.0000
NR_045404.I3.Ini	10000	0.0000	0.0000
NR_045404.I3.Ter	10000	0.0000	0.0000
XR_877387.I1.Ini	10000	0.0000	0.0000
XR_877387.I1.Ter	10000	0.0000	0.0000
XR_877387.I2.Ini	10000	0.0000	0.0000
XR_877387.I2.Ter	10000	0.0000	0.0000
XR_386214.I1.Ini	10000	0.0000	0.0000
XR_386214.I1.Ter	10000	0.0000	0.0000
NM_001170960.I1.Ini	10000	0.0000	0.0000
NM_001170960.I1.Ter	10000	5.3447	0.5345
NM_001170960.I2.Ini	10000	0.0000	0.0000
NM_001170960.I2.Ter	10000	0.0000	0.0000
NM_001177759.I1.Ini	10000	11.3926	1.1393
NM_001177759.I1.Ter	10000	0.0000	0.0000
NM_001081224.I1.Ini	10000	0.0000	0.0000
NM_001081224.I1.Ter	10000	0.0000	0.0000
NM_001199151.I1.Ini	10000	0.0000	0.0000
NM_001199151.I1.Ter	10000	0.0000	0.0000
XM_006526220.I1.Ini	10000	0.0000	0.0000
XM_006526220.I1.Ter	10000	0.0000	0.0000
XM_006526220.I3.Ini	10000	0.0000	0.0000
XM_006526220.I3.Ter	10000	13.3617	1.3362
XM_017317889.I3.Ini	10000	0.0000	0.0000
XM_017317889.I3.Ter	10000	0.0000	0.0000
NR_040349.I1.Ini	10000	0.0000	0.0000
NR_040349.I1.Ter	10000	0.0000	0.0000
NM_152809.I1.Ini	10000	15.6120	1.5612
NM_152809.I1.Ter	10000	0.0000	0.0000
NR_040338.I1.Ini	10000	0.0000	0.0000
NR_040338.I1.Ter	10000	0.0000	0.0000
NR_045400.I1.Ini	10000	0.0000	0.0000
NR_045400.I1.Ter	10000	0.0000	0.0000
XM_006525957.I2.Ini	10000	32.2086	3.2209
XM_006525957.I2.Ter	10000	19.4096	1.9410
XM_006525957.I3.Ini	10000	36.8500	3.6850
XM_006525957.I3.Ter	10000	22.9258	2.2926
XR_877419.I1.Ini	10000	0.0000	0.0000
XR_877419.I1.Ter	10000	0.0000	0.0000
XR_877419.I4.Ini	10000	0.0000	0.0000
XR_877419.I4.Ter	10000	0.0000	0.0000
XR_877419.I10.Ini	10000	0.0000	0.0000
XR_877419.I10.Ter	10000	0.0000	0.0000
XR_386249.I1.Ini	10000	0.0000	0.0000
XR_386249.I1.Ter	10000	0.0000	0.0000
XR_877438.I1.Ini	10000	0.9142	0.0914
XR_877438.I1.Ter	10000	0.0000	0.0000
XM_011246800.I1.Ini	10000	0.0000	0.0000
XM_011246800.I1.Ter	10000	0.0000	0.0000
NM_177115.I1.Ini	10000	0.0000	0.0000
NM_177115.I1.Ter	10000	0.0000	0.0000
NM_177115.I3.Ini	10000	27.7079	2.7708
NM_177115.I3.Ter	10000	0.0000	0.0000
NM_177115.I4.Ini	10000	0.0000	0.0000
NM_177115.I4.Ter	10000	0.0000	0.0000
NM_001001979.I1.Ini	10000	0.0000	0.0000
NM_001001979.I1.Ter	10000	0.0000	0.0000
NM_001001979.I4.Ini	10000	0.0000	0.0000
NM_001001979.I4.Ter	10000	0.0000	0.0000
NM_001001979.I5.Ini	10000	0.0000	0.0000
NM_001001979.I5.Ter	10000	0.0000	0.0000
NR_015541.I1.Ini	10000	0.0000	0.0000
NR_015541.I1.Ter	10000	0.0000	0.0000
NM_001311063.I2.Ini	10000	0.0000	0.0000
NM_001311063.I2.Ter	10000	0.0000	0.0000
NM_001311063.I3.Ini	10000	0.0000	0.0000
NM_001311063.I3.Ter	10000	0.0000	0.0000
NM_001311063.I5.Ini	10000	0.0000	0.0000
NM_001311063.I5.Ter	10000	0.0000	0.0000
NM_010181.I5.Ini	10000	0.0000	0.0000
NM_010181.I5.Ter	10000	0.0000	0.0000
NM_010181.I7.Ini	10000	0.0000	0.0000
NM_010181.I7.Ter	10000	0.0000	0.0000
XM_006525919.I2.Ini	10000	0.0000	0.0000
XM_006525919.I2.Ter	10000	0.0000	0.0000
XM_006525919.I6.Ini	10000	0.0000	0.0000
XM_006525919.I6.Ter	10000	0.0000	0.0000
NM_001081328.I2.Ini	10000	0.0000	0.0000
NM_001081328.I2.Ter	10000	0.0000	0.0000
XM_011246928.I1.Ini	10000	0.0000	0.0000
XM_011246928.I1.Ter	10000	0.0000	0.0000
XM_006525482.I1.Ini	10000	0.0000	0.0000
XM_006525482.I1.Ter	10000	0.0000	0.0000
XM_006525471.I2.Ini	10000	0.0000	0.0000
XM_006525471.I2.Ter	10000	0.0000	0.0000
XM_006525471.I3.Ini	10000	0.0000	0.0000
XM_006525471.I3.Ter	10000	0.0000	0.0000
XM_006525669.I1.Ini	10000	43.3199	4.3320
XM_006525669.I1.Ter	10000	0.0000	0.0000
XM_006525698.I2.Ini	10000	28.1298	2.8130
XM_006525698.I2.Ter	10000	0.0000	0.0000
NM_178928.I1.Ini	10000	15.3307	1.5331
NM_178928.I1.Ter	10000	0.0000	0.0000
XM_017317925.I2.Ini	10000	0.0000	0.0000
XM_017317925.I2.Ter	10000	0.0000	0.0000
XR_877476.I1.Ini	10000	0.0000	0.0000
XR_877476.I1.Ter	10000	0.0000	0.0000
XM_006525683.I2.Ini	10000	0.0000	0.0000
XM_006525683.I2.Ter	10000	0.0000	0.0000
XM_006525683.I6.Ini	10000	0.0000	0.0000
XM_006525683.I6.Ter	10000	0.0000	0.0000
XR_386277.I1.Ini	10000	0.0000	0.0000
XR_386277.I1.Ter	10000	0.0000	0.0000
XM_017317927.I1.Ini	10000	0.0000	0.0000
XM_017317927.I1.Ter	10000	0.0000	0.0000
NM_001168423.I1.Ini	10000	0.0000	0.0000
NM_001168423.I1.Ter	10000	0.0000	0.0000
XR_386006.I1.Ini	10000	0.0000	0.0000
XR_386006.I1.Ter	10000	0.0000	0.0000
XR_386006.I2.Ini	10000	0.0000	0.0000
XR_386006.I2.Ter	10000	0.0000	0.0000
XR_386006.I3.Ini	10000	0.0000	0.0000
XR_386006.I3.Ter	10000	0.0000	0.0000
XR_386006.I4.Ini	10000	0.0000	0.0000
XR_386006.I4.Ter	10000	0.0000	0.0000
XR_386006.I7.Ini	10000	0.0000	0.0000
XR_386006.I7.Ter	10000	0.0000	0.0000
NM_001014981.I19.Ini	10000	0.0000	0.0000
NM_001014981.I19.Ter	10000	0.0000	0.0000
NM_001014981.I20.Ini	10000	0.0000	0.0000
NM_001014981.I20.Ter	10000	13.3617	1.3362
NM_001014981.I21.Ini	10000	0.0000	0.0000
NM_001014981.I21.Ter	10000	0.0000	0.0000
NM_001014981.I22.Ini	10000	0.0000	0.0000
NM_001014981.I22.Ter	10000	0.0000	0.0000
NM_001014981.I26.Ini	10000	0.0000	0.0000
NM_001014981.I26.Ter	10000	9.9861	0.9986
NR_045366.I1.Ini	10000	0.0000	0.0000
NR_045366.I1.Ter	10000	0.0000	0.0000
NR_045366.I2.Ini	10000	0.0000	0.0000
NR_045366.I2.Ter	10000	0.0000	0.0000
NM_194268.I1.Ini	10000	0.0000	0.0000
NM_194268.I1.Ter	10000	0.0000	0.0000
NM_001001488.I1.Ini	10000	0.0000	0.0000
NM_001001488.I1.Ter	10000	66.9489	6.6949
NM_001001488.I2.Ini	10000	0.0000	0.0000
NM_001001488.I2.Ter	10000	0.0000	0.0000
XM_011247044.I1.Ini	10000	0.0000	0.0000
XM_011247044.I1.Ter	10000	0.0000	0.0000
XM_011247044.I2.Ini	10000	0.0000	0.0000
XM_011247044.I2.Ter	10000	0.0000	0.0000
XM_011247044.I3.Ini	10000	0.0000	0.0000
XM_011247044.I3.Ter	10000	0.0000	0.0000
XM_011247044.I6.Ini	10000	0.0000	0.0000
XM_011247044.I6.Ter	10000	0.0000	0.0000
NM_001037294.I3.Ini	10000	0.0000	0.0000
NM_001037294.I3.Ter	10000	0.0000	0.0000
NM_001037294.I4.Ini	10000	0.0000	0.0000
NM_001037294.I4.Ter	10000	0.0000	0.0000
XR_877505.I1.Ini	10000	0.0000	0.0000
XR_877505.I1.Ter	10000	0.0000	0.0000
NM_207255.I2.Ini	10000	18.8470	1.8847
NM_207255.I2.Ter	10000	0.0000	0.0000
NM_207255.I3.Ini	10000	0.0000	0.0000
NM_207255.I3.Ter	10000	0.0000	0.0000
XR_386294.I2.Ini	10000	0.0000	0.0000
XR_386294.I2.Ter	10000	0.0000	0.0000
NM_178793.I2.Ini	10000	0.0000	0.0000
NM_178793.I2.Ter	10000	0.0000	0.0000
XR_877508.I2.Ini	10000	0.0000	0.0000
XR_877508.I2.Ter	10000	0.0000	0.0000
NM_177137.I1.Ini	10000	0.0000	0.0000
NM_177137.I1.Ter	10000	0.0000	0.0000
NM_177137.I4.Ini	10000	0.0000	0.0000
NM_177137.I4.Ter	10000	0.0000	0.0000
XM_006526209.I1.Ini	10000	0.0000	0.0000
XM_006526209.I1.Ter	10000	0.0000	0.0000
XM_006526209.I2.Ini	10000	0.0000	0.0000
XM_006526209.I2.Ter	10000	0.0000	0.0000
XM_006526085.I1.Ini	10000	16.3153	1.6315
XM_006526085.I1.Ter	10000	0.0000	0.0000
XM_006526085.I2.Ini	10000	0.0000	0.0000
XM_006526085.I2.Ter	10000	0.0000	0.0000
XM_006526085.I3.Ini	10000	0.0000	0.0000
XM_006526085.I3.Ter	10000	0.0000	0.0000
XM_006526085.I4.Ini	10000	0.0000	0.0000
XM_006526085.I4.Ter	10000	0.0000	0.0000
NM_153794.I1.Ini	10000	0.0000	0.0000
NM_153794.I1.Ter	10000	0.0000	0.0000
XR_877523.I1.Ini	10000	0.0000	0.0000
XR_877523.I1.Ter	10000	0.0000	0.0000
XR_877519.I3.Ini	10000	0.0000	0.0000
XR_877519.I3.Ter	10000	0.0000	0.0000
XR_001782510.I1.Ini	10000	0.0000	0.0000
XR_001782510.I1.Ter	10000	0.0000	0.0000
XR_001782510.I6.Ini	10000	0.0000	0.0000
XR_001782510.I6.Ter	10000	2.9536	0.2954
NR_038051.I3.Ini	10000	0.0000	0.0000
NR_038051.I3.Ter	10000	0.0000	0.0000
XR_386316.I1.Ini	10000	0.0000	0.0000
XR_386316.I1.Ter	10000	0.0000	0.0000
XR_386316.I3.Ini	10000	0.0000	0.0000
XR_386316.I3.Ter	10000	0.0000	0.0000
NM_013685.I3.Ini	10000	21.2380	2.1238
NM_013685.I3.Ter	10000	0.0000	0.0000
NM_013685.I5.Ini	10000	46.9768	4.6977
NM_013685.I5.Ter	10000	0.0000	0.0000
NM_013685.I6.Ini	10000	0.0000	0.0000
NM_013685.I6.Ter	10000	0.0000	0.0000
NM_013685.I8.Ini	10000	35.1622	3.5162
NM_013685.I8.Ter	10000	80.0293	8.0029
XM_006526364.I2.Ini	10000	0.0000	0.0000
XM_006526364.I2.Ter	10000	0.0000	0.0000
XR_877537.I1.Ini	10000	0.0000	0.0000
XR_877537.I1.Ter	10000	0.0000	0.0000
XR_877537.I2.Ini	10000	0.0000	0.0000
XR_877537.I2.Ter	10000	0.0000	0.0000
XR_001782347.I4.Ini	10000	0.0000	0.0000
XR_001782347.I4.Ter	10000	0.0000	0.0000
XM_006525588.I1.Ini	10000	0.0000	0.0000
XM_006525588.I1.Ter	10000	0.0000	0.0000
XM_006525588.I2.Ini	10000	0.0000	0.0000
XM_006525588.I2.Ter	10000	0.0000	0.0000
XM_006525588.I5.Ini	10000	0.0000	0.0000
XM_006525588.I5.Ter	10000	0.0000	0.0000
XM_006525588.I7.Ini	10000	0.0000	0.0000
XM_006525588.I7.Ter	10000	0.0000	0.0000
XM_006525588.I9.Ini	10000	0.0000	0.0000
XM_006525588.I9.Ter	10000	0.0000	0.0000
XM_006525588.I12.Ini	10000	0.0000	0.0000
XM_006525588.I12.Ter	10000	0.0000	0.0000
XM_006525588.I14.Ini	10000	0.0000	0.0000
XM_006525588.I14.Ter	10000	0.0000	0.0000
XM_006525588.I15.Ini	10000	0.0000	0.0000
XM_006525588.I15.Ter	10000	0.0000	0.0000
XM_006525588.I21.Ini	10000	0.0000	0.0000
XM_006525588.I21.Ter	10000	0.0000	0.0000
XM_006525588.I27.Ini	10000	0.0000	0.0000
XM_006525588.I27.Ter	10000	0.0000	0.0000
XM_006525701.I1.Ini	10000	0.0000	0.0000
XM_006525701.I1.Ter	10000	9.2828	0.9283
XR_877545.I1.Ini	10000	0.0000	0.0000
XR_877545.I1.Ter	10000	0.0000	0.0000
XM_006525901.I1.Ini	10000	30.2395	3.0240
XM_006525901.I1.Ter	10000	0.0000	0.0000
XM_006525901.I2.Ini	10000	0.0000	0.0000
XM_006525901.I2.Ter	10000	0.0000	0.0000
NM_028948.I6.Ini	10000	0.0000	0.0000
NM_028948.I6.Ter	10000	0.0000	0.0000
NM_028948.I7.Ini	10000	0.0000	0.0000
NM_028948.I7.Ter	10000	0.0000	0.0000
XM_006525714.I1.Ini	10000	0.0000	0.0000
XM_006525714.I1.Ter	10000	0.0000	0.0000
XM_006525714.I4.Ini	10000	0.0000	0.0000
XM_006525714.I4.Ter	10000	0.0000	0.0000
NR_045368.I3.Ini	10000	0.0000	0.0000
NR_045368.I3.Ter	10000	0.0000	0.0000
XR_386014.I1.Ini	10000	0.0000	0.0000
XR_386014.I1.Ter	10000	0.0000	0.0000
XR_386014.I8.Ini	10000	27.4266	2.7427
XR_386014.I8.Ter	10000	9.9861	0.9986
XR_386014.I13.Ini	10000	0.0000	0.0000
XR_386014.I13.Ter	10000	0.0000	0.0000
XR_386014.I15.Ini	10000	0.0000	0.0000
XR_386014.I15.Ter	10000	14.9088	1.4909
NM_201354.I1.Ini	10000	53.1653	5.3165
NM_201354.I1.Ter	10000	0.0000	0.0000
NM_201354.I6.Ini	10000	14.4868	1.4487
NM_201354.I6.Ter	10000	0.0000	0.0000
NM_201354.I7.Ini	10000	0.0000	0.0000
NM_201354.I7.Ter	10000	0.0000	0.0000
NM_201354.I9.Ini	10000	0.0000	0.0000
NM_201354.I9.Ter	10000	0.0000	0.0000
NM_201354.I10.Ini	10000	0.0000	0.0000
NM_201354.I10.Ter	10000	0.0000	0.0000
NM_145356.I1.Ini	10000	14.6275	1.4627
NM_145356.I1.Ter	10000	0.0000	0.0000
NM_145356.I2.Ini	10000	0.0000	0.0000
NM_145356.I2.Ter	10000	0.0000	0.0000
NM_145356.I3.Ini	10000	0.0000	0.0000
NM_145356.I3.Ter	10000	0.0000	0.0000
XM_017317842.I1.Ini	10000	0.0000	0.0000
XM_017317842.I1.Ter	10000	19.1283	1.9128
XM_017317842.I2.Ini	10000	0.0000	0.0000
XM_017317842.I2.Ter	10000	44.0231	4.4023
XR_001782393.I1.Ini	10000	0.0000	0.0000
XR_001782393.I1.Ter	10000	0.0000	0.0000
XR_001782348.I1.Ini	10000	33.4745	3.3474
XR_001782348.I1.Ter	10000	0.0000	0.0000
XM_006526429.I1.Ini	10000	0.0000	0.0000
XM_006526429.I1.Ter	10000	0.0000	0.0000
XM_006526429.I2.Ini	10000	0.0000	0.0000
XM_006526429.I2.Ter	10000	0.0000	0.0000
XM_006526434.I4.Ini	10000	0.0000	0.0000
XM_006526434.I4.Ter	10000	0.0000	0.0000
NM_001164504.I1.Ini	10000	31.3647	3.1365
NM_001164504.I1.Ter	10000	0.0000	0.0000
XM_006526426.I1.Ini	10000	26.0201	2.6020
XM_006526426.I1.Ter	10000	0.2110	0.0211
XM_006526426.I2.Ini	10000	8.7202	0.8720
XM_006526426.I2.Ter	10000	0.0000	0.0000
NM_013831.I1.Ini	10000	0.0000	0.0000
NM_013831.I1.Ter	10000	0.0000	0.0000
NM_001171011.I1.Ini	10000	0.0000	0.0000
NM_001171011.I1.Ter	10000	0.0000	0.0000
NM_207651.I2.Ini	10000	0.0000	0.0000
NM_207651.I2.Ter	10000	0.0000	0.0000
NM_207651.I3.Ini	10000	0.0000	0.0000
NM_207651.I3.Ter	10000	0.0000	0.0000
NM_207651.I12.Ini	10000	0.0000	0.0000
NM_207651.I12.Ter	10000	0.0000	0.0000
XR_386381.I2.Ini	10000	0.0000	0.0000
XR_386381.I2.Ter	10000	0.0000	0.0000
NM_053099.I1.Ini	10000	9.0015	0.9002
NM_053099.I1.Ter	10000	0.0000	0.0000
NM_053099.I2.Ini	10000	14.9088	1.4909
NM_053099.I2.Ter	10000	7.4544	0.7454
NM_053099.I3.Ini	10000	9.1422	0.9142
NM_053099.I3.Ter	10000	0.0000	0.0000
NM_053099.I4.Ini	10000	26.7233	2.6723
NM_053099.I4.Ter	10000	0.0000	0.0000
NM_053099.I5.Ini	10000	0.0000	0.0000
NM_053099.I5.Ter	10000	0.0000	0.0000
NM_053117.I1.Ini	10000	0.0000	0.0000
NM_053117.I1.Ter	10000	0.0000	0.0000
NM_053117.I2.Ini	10000	0.0000	0.0000
NM_053117.I2.Ter	10000	0.0000	0.0000
NM_001190373.I1.Ini	10000	0.0000	0.0000
NM_001190373.I1.Ter	10000	0.0000	0.0000
NM_001190373.I3.Ini	10000	0.0000	0.0000
NM_001190373.I3.Ter	10000	0.0000	0.0000
XM_006526525.I10.Ini	10000	15.7527	1.5753
XM_006526525.I10.Ter	10000	39.9443	3.9944
XR_877607.I2.Ini	10000	0.0000	0.0000
XR_877607.I2.Ter	10000	0.0000	0.0000
NM_198429.I9.Ini	10000	0.0000	0.0000
NM_198429.I9.Ter	10000	0.0000	0.0000
NM_015805.I11.Ini	10000	0.0000	0.0000
NM_015805.I11.Ter	10000	10.6893	1.0689
XR_386392.I3.Ini	10000	0.0000	0.0000
XR_386392.I3.Ter	10000	0.0000	0.0000
XR_386392.I4.Ini	10000	0.0000	0.0000
XR_386392.I4.Ter	10000	0.0000	0.0000
XR_001782423.I2.Ini	10000	0.0000	0.0000
XR_001782423.I2.Ter	10000	0.0000	0.0000
XR_386398.I4.Ini	10000	0.0000	0.0000
XR_386398.I4.Ter	10000	0.0000	0.0000
NM_010777.I1.Ini	10000	0.0000	0.0000
NM_010777.I1.Ter	10000	0.0000	0.0000
NM_010777.I2.Ini	10000	0.0000	0.0000
NM_010777.I2.Ter	10000	0.0000	0.0000
NM_010777.I3.Ini	10000	0.0000	0.0000
NM_010777.I3.Ter	10000	0.0000	0.0000
XM_006526504.I1.Ini	10000	59.0726	5.9073
XM_006526504.I1.Ter	10000	19.2689	1.9269
XM_006526504.I2.Ini	10000	0.0000	0.0000
XM_006526504.I2.Ter	10000	13.3617	1.3362
XR_001782530.I1.Ini	10000	0.0000	0.0000
XR_001782530.I1.Ter	10000	0.0000	0.0000
XR_001782530.I2.Ini	10000	0.0000	0.0000
XR_001782530.I2.Ter	10000	20.3941	2.0394
XR_877622.I2.Ini	10000	0.0000	0.0000
XR_877622.I2.Ter	10000	0.0000	0.0000
NR_045361.I1.Ini	10000	0.0000	0.0000
NR_045361.I1.Ter	10000	0.0000	0.0000
NM_001081300.I1.Ini	10000	0.0000	0.0000
NM_001081300.I1.Ter	10000	0.0000	0.0000
NM_001033341.I1.Ini	10000	13.3617	1.3362
NM_001033341.I1.Ter	10000	10.9706	1.0971
NM_001033341.I3.Ini	10000	28.4111	2.8411
NM_001033341.I3.Ter	10000	0.0000	0.0000
NM_001033341.I4.Ini	10000	26.7233	2.6723
NM_001033341.I4.Ter	10000	0.0000	0.0000
NM_001033341.I7.Ini	10000	0.0000	0.0000
NM_001033341.I7.Ter	10000	0.0000	0.0000
NM_001033341.I8.Ini	10000	48.1020	4.8102
NM_001033341.I8.Ter	10000	19.9722	1.9972
XM_011247086.I2.Ini	10000	0.0000	0.0000
XM_011247086.I2.Ter	10000	0.0000	0.0000
XM_006526482.I4.Ini	10000	0.0000	0.0000
XM_006526482.I4.Ter	10000	0.0000	0.0000
XM_006526482.I7.Ini	10000	0.0000	0.0000
XM_006526482.I7.Ter	10000	0.0000	0.0000
XM_006526463.I1.Ini	10000	0.0000	0.0000
XM_006526463.I1.Ter	10000	0.0000	0.0000
NM_001039173.I1.Ini	10000	0.0000	0.0000
NM_001039173.I1.Ter	10000	0.0000	0.0000
NM_001039173.I2.Ini	10000	0.0000	0.0000
NM_001039173.I2.Ter	10000	0.0000	0.0000
NM_001039173.I3.Ini	10000	0.0000	0.0000
NM_001039173.I3.Ter	10000	0.0000	0.0000
NM_001039173.I4.Ini	10000	0.0000	0.0000
NM_001039173.I4.Ter	10000	0.0000	0.0000
NM_001039173.I5.Ini	10000	0.0000	0.0000
NM_001039173.I5.Ter	10000	0.0000	0.0000
NM_001039173.I7.Ini	10000	0.0000	0.0000
NM_001039173.I7.Ter	10000	0.0000	0.0000
XR_877649.I1.Ini	10000	0.0000	0.0000
XR_877649.I1.Ter	10000	0.0000	0.0000
XR_877649.I2.Ini	10000	0.0000	0.0000
XR_877649.I2.Ter	10000	0.0000	0.0000
NR_045304.I2.Ini	10000	0.0000	0.0000
NR_045304.I2.Ter	10000	0.0000	0.0000
XM_011248602.I1.Ini	10000	41.7728	4.1773
XM_011248602.I1.Ter	10000	0.0000	0.0000
NM_001164159.I1.Ini	10000	0.0000	0.0000
NM_001164159.I1.Ter	10000	0.0000	0.0000
NM_008513.I1.Ini	10000	8.2983	0.8298
NM_008513.I1.Ter	10000	0.0000	0.0000
XR_001782681.I2.Ini	10000	0.0000	0.0000
XR_001782681.I2.Ter	10000	0.0000	0.0000
XM_006531722.I2.Ini	10000	21.5193	2.1519
XM_006531722.I2.Ter	10000	0.0000	0.0000
NM_001162946.I2.Ini	10000	0.0000	0.0000
NM_001162946.I2.Ter	10000	0.0000	0.0000
XM_017318236.I3.Ini	10000	0.0000	0.0000
XM_017318236.I3.Ter	10000	0.0000	0.0000
NM_001290128.I1.Ini	10000	337.8389	33.7839
NM_001290128.I1.Ter	10000	61.4636	6.1464
NM_153129.I1.Ini	10000	0.0000	0.0000
NM_153129.I1.Ter	10000	0.0000	0.0000
XM_006526563.I3.Ini	10000	22.5038	2.2504
XM_006526563.I3.Ter	10000	8.1576	0.8158
XM_006527169.I1.Ini	10000	1.6878	0.1688
XM_006527169.I1.Ter	10000	0.0000	0.0000
XM_006526645.I1.Ini	10000	56.8222	5.6822
XM_006526645.I1.Ter	10000	10.1267	1.0127
NM_053076.I1.Ini	10000	56.8222	5.6822
NM_053076.I1.Ter	10000	0.0000	0.0000
XM_006526729.I1.Ini	10000	217.5840	21.7584
XM_006526729.I1.Ter	10000	0.0000	0.0000
XM_006526729.I3.Ini	10000	0.0000	0.0000
XM_006526729.I3.Ter	10000	0.0000	0.0000
NM_001013820.I5.Ini	10000	0.0000	0.0000
NM_001013820.I5.Ter	10000	0.0000	0.0000
XM_011247245.I1.Ini	10000	0.0000	0.0000
XM_011247245.I1.Ter	10000	0.0000	0.0000
XM_011247245.I6.Ini	10000	0.0000	0.0000
XM_011247245.I6.Ter	10000	0.0000	0.0000
XR_877706.I1.Ini	10000	0.0000	0.0000
XR_877706.I1.Ter	10000	0.0000	0.0000
XM_006527135.I6.Ini	10000	0.0000	0.0000
XM_006527135.I6.Ter	10000	0.0000	0.0000
XR_877686.I4.Ini	10000	5302.7719	530.2772
XR_877686.I4.Ter	10000	0.0000	0.0000
XR_877686.I8.Ini	10000	0.0000	0.0000
XR_877686.I8.Ter	10000	0.0000	0.0000
NM_198114.I1.Ini	10000	32.9119	3.2912
NM_198114.I1.Ter	10000	38.6785	3.8678
XM_006527204.I1.Ini	10000	0.0000	0.0000
XM_006527204.I1.Ter	10000	0.0000	0.0000
NR_027805.I1.Ini	10000	0.0000	0.0000
NR_027805.I1.Ter	10000	0.0000	0.0000
XM_006526622.I1.Ini	10000	0.0000	0.0000
XM_006526622.I1.Ter	10000	0.0000	0.0000
NR_045317.I1.Ini	10000	0.0000	0.0000
NR_045317.I1.Ter	10000	0.0000	0.0000
NM_001302950.I4.Ini	10000	12.9397	1.2940
NM_001302950.I4.Ter	10000	0.0000	0.0000
NM_001302950.I5.Ini	10000	16.5966	1.6597
NM_001302950.I5.Ter	10000	10.6893	1.0689
NM_001302950.I7.Ini	10000	16.8779	1.6878
NM_001302950.I7.Ter	10000	17.2998	1.7300
XR_001782640.I3.Ini	10000	0.0000	0.0000
XR_001782640.I3.Ter	10000	0.0000	0.0000
NR_045355.I2.Ini	10000	0.0000	0.0000
NR_045355.I2.Ter	10000	0.0000	0.0000
XR_001782649.I1.Ini	10000	0.0000	0.0000
XR_001782649.I1.Ter	10000	43.4605	4.3461
NM_008139.I1.Ini	10000	70.1839	7.0184
NM_008139.I1.Ter	10000	0.0000	0.0000
NM_008139.I2.Ini	10000	13.7836	1.3784
NM_008139.I2.Ter	10000	0.0000	0.0000
NM_008139.I5.Ini	10000	0.0000	0.0000
NM_008139.I5.Ter	10000	0.0000	0.0000
NM_008137.I1.Ini	10000	0.0000	0.0000
NM_008137.I1.Ter	10000	0.0000	0.0000
NM_008137.I2.Ini	10000	0.0000	0.0000
NM_008137.I2.Ter	10000	0.0000	0.0000
XM_006527154.I1.Ini	10000	195.0802	19.5080
XM_006527154.I1.Ter	10000	0.0000	0.0000
XM_006527154.I6.Ini	10000	51.3369	5.1337
XM_006527154.I6.Ter	10000	9.1422	0.9142
XM_006527154.I9.Ini	10000	15.1901	1.5190
XM_006527154.I9.Ter	10000	0.0000	0.0000
NM_010265.I1.Ini	10000	0.0000	0.0000
NM_010265.I1.Ter	10000	0.0000	0.0000
NM_001190483.I1.Ini	10000	0.0000	0.0000
NM_001190483.I1.Ter	10000	0.0000	0.0000
NM_001190483.I2.Ini	10000	0.0000	0.0000
NM_001190483.I2.Ter	10000	0.0000	0.0000
NM_001190483.I3.Ini	10000	0.0000	0.0000
NM_001190483.I3.Ter	10000	0.0000	0.0000
NM_001190483.I5.Ini	10000	0.0000	0.0000
NM_001190483.I5.Ter	10000	0.0000	0.0000
NM_001190483.I7.Ini	10000	0.0000	0.0000
NM_001190483.I7.Ter	10000	0.0000	0.0000
NM_001190483.I9.Ini	10000	0.0000	0.0000
NM_001190483.I9.Ter	10000	0.0000	0.0000
NM_001190483.I10.Ini	10000	0.0000	0.0000
NM_001190483.I10.Ter	10000	0.0000	0.0000
NM_001190483.I20.Ini	10000	0.0000	0.0000
NM_001190483.I20.Ter	10000	0.0000	0.0000
NM_001190483.I24.Ini	10000	0.0000	0.0000
NM_001190483.I24.Ter	10000	0.0000	0.0000
NM_017375.I1.Ini	10000	0.0000	0.0000
NM_017375.I1.Ter	10000	0.0000	0.0000
XM_006526951.I3.Ini	10000	9901.5937	990.1594
XM_006526951.I3.Ter	10000	0.0000	0.0000
NM_001043354.I1.Ini	10000	14.3462	1.4346
NM_001043354.I1.Ter	10000	0.0000	0.0000
XR_877746.I1.Ini	10000	0.0000	0.0000
XR_877746.I1.Ter	10000	0.0000	0.0000
XR_386579.I1.Ini	10000	0.0000	0.0000
XR_386579.I1.Ter	10000	0.0000	0.0000
XR_877747.I1.Ini	10000	0.0000	0.0000
XR_877747.I1.Ter	10000	0.0000	0.0000
XR_877747.I2.Ini	10000	18.7063	1.8706
XR_877747.I2.Ter	10000	0.0000	0.0000
NR_015502.I2.Ini	10000	0.0000	0.0000
NR_015502.I2.Ter	10000	0.0000	0.0000
XM_006526640.I1.Ini	10000	0.0000	0.0000
XM_006526640.I1.Ter	10000	0.0000	0.0000
XM_006526640.I2.Ini	10000	0.0000	0.0000
XM_006526640.I2.Ter	10000	0.0000	0.0000
XM_006526640.I5.Ini	10000	0.0000	0.0000
XM_006526640.I5.Ter	10000	0.0000	0.0000
XM_006526640.I9.Ini	10000	0.0000	0.0000
XM_006526640.I9.Ter	10000	0.0000	0.0000
NM_010266.I1.Ini	10000	0.0000	0.0000
NM_010266.I1.Ter	10000	0.0000	0.0000
NM_025423.I1.Ini	10000	0.0000	0.0000
NM_025423.I1.Ter	10000	24.1916	2.4192
NM_025423.I2.Ini	10000	0.0000	0.0000
NM_025423.I2.Ter	10000	0.0000	0.0000
XM_011247228.I1.Ini	10000	0.0000	0.0000
XM_011247228.I1.Ter	10000	25.7388	2.5739
XM_006526954.I1.Ini	10000	0.0000	0.0000
XM_006526954.I1.Ter	10000	0.0000	0.0000
XM_006526954.I8.Ini	10000	0.0000	0.0000
XM_006526954.I8.Ter	10000	0.0000	0.0000
XM_006526954.I9.Ini	10000	0.0000	0.0000
XM_006526954.I9.Ter	10000	0.0000	0.0000
XM_006526954.I10.Ini	10000	0.0000	0.0000
XM_006526954.I10.Ter	10000	0.0000	0.0000
XM_006526954.I23.Ini	10000	12.0958	1.2096
XM_006526954.I23.Ter	10000	0.0000	0.0000
XR_001782629.I5.Ini	10000	0.0000	0.0000
XR_001782629.I5.Ter	10000	0.0000	0.0000
XR_001782629.I7.Ini	10000	0.0000	0.0000
XR_001782629.I7.Ter	10000	0.0000	0.0000
NM_010638.I1.Ini	10000	0.0000	0.0000
NM_010638.I1.Ter	10000	14.6275	1.4627
NM_174857.I2.Ini	10000	0.0000	0.0000
NM_174857.I2.Ter	10000	0.0000	0.0000
XR_386614.I1.Ini	10000	0.0000	0.0000
XR_386614.I1.Ter	10000	0.0000	0.0000
NM_026188.I1.Ini	10000	0.0000	0.0000
NM_026188.I1.Ter	10000	0.0000	0.0000
NM_026188.I2.Ini	10000	0.0000	0.0000
NM_026188.I2.Ter	10000	0.0000	0.0000
XM_006527139.I1.Ini	10000	0.0000	0.0000
XM_006527139.I1.Ter	10000	0.0000	0.0000
XM_006527156.I1.Ini	10000	0.0000	0.0000
XM_006527156.I1.Ter	10000	0.0000	0.0000
NM_011597.I1.Ini	10000	0.0000	0.0000
NM_011597.I1.Ter	10000	0.0000	0.0000
NM_008846.I1.Ini	10000	0.0000	0.0000
NM_008846.I1.Ter	10000	0.0000	0.0000
NM_008846.I3.Ini	10000	0.0000	0.0000
NM_008846.I3.Ter	10000	0.0000	0.0000
NM_008846.I13.Ini	10000	0.0000	0.0000
NM_008846.I13.Ter	10000	0.0000	0.0000
NM_175013.I1.Ini	10000	0.0000	0.0000
NM_175013.I1.Ter	10000	0.0000	0.0000
NM_175013.I6.Ini	10000	0.0000	0.0000
NM_175013.I6.Ter	10000	0.0000	0.0000
NM_175013.I10.Ini	10000	0.0000	0.0000
NM_175013.I10.Ter	10000	0.0000	0.0000
NM_028785.I1.Ini	10000	0.0000	0.0000
NM_028785.I1.Ter	10000	0.0000	0.0000
XM_011247113.I1.Ini	10000	0.0000	0.0000
XM_011247113.I1.Ter	10000	0.0000	0.0000
XM_011247113.I2.Ini	10000	0.0000	0.0000
XM_011247113.I2.Ter	10000	3.1646	0.3165
XM_011247113.I3.Ini	10000	0.0000	0.0000
XM_011247113.I3.Ter	10000	0.0000	0.0000
XM_011247113.I4.Ini	10000	0.0000	0.0000
XM_011247113.I4.Ter	10000	0.0000	0.0000
NM_015826.I2.Ini	10000	0.0000	0.0000
NM_015826.I2.Ter	10000	0.0000	0.0000
NM_015826.I4.Ini	10000	0.0000	0.0000
NM_015826.I4.Ter	10000	0.0000	0.0000
XR_877780.I2.Ini	10000	0.0000	0.0000
XR_877780.I2.Ter	10000	0.0000	0.0000
XR_877780.I3.Ini	10000	0.0000	0.0000
XR_877780.I3.Ter	10000	0.0000	0.0000
XM_006527282.I27.Ini	10000	0.0000	0.0000
XM_006527282.I27.Ter	10000	15.6120	1.5612
NR_045306.I1.Ini	10000	0.0000	0.0000
NR_045306.I1.Ter	10000	0.0000	0.0000
XR_877791.I2.Ini	10000	0.0000	0.0000
XR_877791.I2.Ter	10000	0.0000	0.0000
XR_877791.I3.Ini	10000	0.0000	0.0000
XR_877791.I3.Ter	10000	0.0000	0.0000
XR_877791.I6.Ini	10000	0.0000	0.0000
XR_877791.I6.Ter	10000	0.0000	0.0000
XM_006526784.I1.Ini	10000	0.0000	0.0000
XM_006526784.I1.Ter	10000	0.0000	0.0000
XM_006526784.I2.Ini	10000	0.0000	0.0000
XM_006526784.I2.Ter	10000	14.2055	1.4206
XM_006526784.I3.Ini	10000	0.0000	0.0000
XM_006526784.I3.Ter	10000	0.0000	0.0000
NM_001305671.I2.Ini	10000	0.0000	0.0000
NM_001305671.I2.Ter	10000	0.0000	0.0000
NM_001305671.I3.Ini	10000	0.0000	0.0000
NM_001305671.I3.Ter	10000	0.0000	0.0000
NM_001305671.I5.Ini	10000	0.0000	0.0000
NM_001305671.I5.Ter	10000	0.0000	0.0000
NR_045330.I4.Ini	10000	0.0000	0.0000
NR_045330.I4.Ter	10000	0.0000	0.0000
NM_009199.I1.Ini	10000	0.0000	0.0000
NM_009199.I1.Ter	10000	0.0000	0.0000
XM_006527222.I4.Ini	10000	206.1211	20.6121
XM_006527222.I4.Ter	10000	1257.9645	125.7964
NM_001081319.I3.Ini	10000	0.0000	0.0000
NM_001081319.I3.Ter	10000	0.0000	0.0000
XR_001782588.I1.Ini	10000	0.0000	0.0000
XR_001782588.I1.Ter	10000	9.5641	0.9564
XR_877808.I2.Ini	10000	0.0000	0.0000
XR_877808.I2.Ter	10000	0.0000	0.0000
NM_133775.I1.Ini	10000	0.0000	0.0000
NM_133775.I1.Ter	10000	3.5865	0.3587
XR_386647.I2.Ini	10000	0.0000	0.0000
XR_386647.I2.Ter	10000	0.0000	0.0000
NM_001013833.I1.Ini	10000	9.2828	0.9283
NM_001013833.I1.Ter	10000	0.0000	0.0000
NM_001013833.I2.Ini	10000	0.0000	0.0000
NM_001013833.I2.Ter	10000	0.0000	0.0000
NM_001013833.I3.Ini	10000	0.0000	0.0000
NM_001013833.I3.Ter	10000	0.0000	0.0000
NM_001013833.I4.Ini	10000	0.0000	0.0000
NM_001013833.I4.Ter	10000	0.0000	0.0000
NM_001013833.I5.Ini	10000	0.0000	0.0000
NM_001013833.I5.Ter	10000	0.0000	0.0000
NM_001013833.I7.Ini	10000	0.0000	0.0000
NM_001013833.I7.Ter	10000	0.0000	0.0000
NM_001013833.I8.Ini	10000	0.0000	0.0000
NM_001013833.I8.Ter	10000	0.0000	0.0000
NM_001013833.I9.Ini	10000	0.0000	0.0000
NM_001013833.I9.Ter	10000	0.0000	0.0000
NM_001013833.I10.Ini	10000	0.0000	0.0000
NM_001013833.I10.Ter	10000	0.0000	0.0000
XM_006527331.I1.Ini	10000	0.0000	0.0000
XM_006527331.I1.Ter	10000	0.0000	0.0000
XM_011247287.I2.Ini	10000	0.0000	0.0000
XM_011247287.I2.Ter	10000	0.0000	0.0000
XM_011247202.I1.Ini	10000	11.9552	1.1955
XM_011247202.I1.Ter	10000	0.0000	0.0000
XM_011247202.I2.Ini	10000	14.4868	1.4487
XM_011247202.I2.Ter	10000	0.0000	0.0000
XM_011247202.I3.Ini	10000	0.0000	0.0000
XM_011247202.I3.Ter	10000	0.0000	0.0000
XM_011247202.I4.Ini	10000	0.0000	0.0000
XM_011247202.I4.Ter	10000	0.0000	0.0000
XM_011247202.I5.Ini	10000	13.2210	1.3221
XM_011247202.I5.Ter	10000	0.0000	0.0000
XM_006527064.I1.Ini	10000	0.0000	0.0000
XM_006527064.I1.Ter	10000	0.0000	0.0000
XM_006527313.I1.Ini	10000	0.0000	0.0000
XM_006527313.I1.Ter	10000	9.8454	0.9845
NM_001146342.I2.Ini	10000	30.2395	3.0240
NM_001146342.I2.Ter	10000	0.0000	0.0000
NM_001146342.I3.Ini	10000	0.0000	0.0000
NM_001146342.I3.Ter	10000	0.0000	0.0000
NM_001146342.I4.Ini	10000	0.0000	0.0000
NM_001146342.I4.Ter	10000	0.0000	0.0000
XR_386661.I1.Ini	10000	0.0000	0.0000
XR_386661.I1.Ter	10000	0.0000	0.0000
XM_017318244.I5.Ini	10000	7.4544	0.7454
XM_017318244.I5.Ter	10000	0.0000	0.0000
NM_024204.I2.Ini	10000	0.0000	0.0000
NM_024204.I2.Ter	10000	0.0000	0.0000
XM_006527452.I1.Ini	10000	0.0000	0.0000
XM_006527452.I1.Ter	10000	0.0000	0.0000
XM_006527265.I1.Ini	10000	0.0000	0.0000
XM_006527265.I1.Ter	10000	0.0000	0.0000
XM_006527078.I1.Ini	10000	0.0000	0.0000
XM_006527078.I1.Ter	10000	0.0000	0.0000
NM_001114339.I1.Ini	10000	0.0000	0.0000
NM_001114339.I1.Ter	10000	0.0000	0.0000
XR_877825.I1.Ini	10000	0.0000	0.0000
XR_877825.I1.Ter	10000	0.0000	0.0000
XR_877825.I2.Ini	10000	0.0000	0.0000
XR_877825.I2.Ter	10000	0.0000	0.0000
XR_001782721.I2.Ini	10000	0.0000	0.0000
XR_001782721.I2.Ter	10000	0.0000	0.0000
XM_006526704.I1.Ini	10000	0.0000	0.0000
XM_006526704.I1.Ter	10000	0.0000	0.0000
XR_386675.I1.Ini	10000	0.0000	0.0000
XR_386675.I1.Ter	10000	0.0000	0.0000
XR_386674.I1.Ini	10000	0.0000	0.0000
XR_386674.I1.Ter	10000	0.0000	0.0000
XM_011247391.I1.Ini	10000	0.0000	0.0000
XM_011247391.I1.Ter	10000	8.8609	0.8861
XM_011247391.I2.Ini	10000	21.2380	2.1238
XM_011247391.I2.Ter	10000	0.0000	0.0000
NR_033510.I2.Ini	10000	0.0000	0.0000
NR_033510.I2.Ter	10000	0.0000	0.0000
NR_033510.I3.Ini	10000	0.0000	0.0000
NR_033510.I3.Ter	10000	0.0000	0.0000
XM_011247208.I1.Ini	10000	0.0000	0.0000
XM_011247208.I1.Ter	10000	0.0000	0.0000
XM_011247208.I2.Ini	10000	0.0000	0.0000
XM_011247208.I2.Ter	10000	0.0000	0.0000
XM_011247208.I4.Ini	10000	0.0000	0.0000
XM_011247208.I4.Ter	10000	0.0000	0.0000
XM_017318044.I1.Ini	10000	0.0000	0.0000
XM_017318044.I1.Ter	10000	0.0000	0.0000
XM_017318044.I18.Ini	10000	0.0000	0.0000
XM_017318044.I18.Ter	10000	0.0000	0.0000
XM_017318044.I20.Ini	10000	28.4111	2.8411
XM_017318044.I20.Ter	10000	0.0000	0.0000
NM_001099634.I3.Ini	10000	0.0000	0.0000
NM_001099634.I3.Ter	10000	0.0000	0.0000
XM_011247378.I1.Ini	10000	13.7836	1.3784
XM_011247378.I1.Ter	10000	0.0000	0.0000
XM_011247378.I2.Ini	10000	0.0000	0.0000
XM_011247378.I2.Ter	10000	0.0000	0.0000
XM_011247378.I3.Ini	10000	0.0000	0.0000
XM_011247378.I3.Ter	10000	0.0000	0.0000
XM_011247378.I4.Ini	10000	15.8933	1.5893
XM_011247378.I4.Ter	10000	0.0000	0.0000
XM_011247378.I5.Ini	10000	0.0000	0.0000
XM_011247378.I5.Ter	10000	0.0000	0.0000
NM_145952.I1.Ini	10000	0.0000	0.0000
NM_145952.I1.Ter	10000	0.0000	0.0000
NM_001011707.I1.Ini	10000	0.0000	0.0000
NM_001011707.I1.Ter	10000	0.0000	0.0000
NM_001011707.I3.Ini	10000	0.0000	0.0000
NM_001011707.I3.Ter	10000	0.0000	0.0000
NM_010002.I3.Ini	10000	0.0000	0.0000
NM_010002.I3.Ter	10000	0.0000	0.0000
NM_010002.I5.Ini	10000	0.0000	0.0000
NM_010002.I5.Ter	10000	0.0000	0.0000
NM_010003.I3.Ini	10000	0.0000	0.0000
NM_010003.I3.Ter	10000	0.0000	0.0000
NM_010003.I5.Ini	10000	0.0000	0.0000
NM_010003.I5.Ter	10000	0.0000	0.0000
NM_001039555.I5.Ini	10000	0.0000	0.0000
NM_001039555.I5.Ter	10000	0.0000	0.0000
XM_006527172.I4.Ini	10000	0.0000	0.0000
XM_006527172.I4.Ter	10000	0.0000	0.0000
XM_006526789.I1.Ini	10000	0.0000	0.0000
XM_006526789.I1.Ter	10000	0.0000	0.0000
XM_006526789.I2.Ini	10000	0.0000	0.0000
XM_006526789.I2.Ter	10000	0.0000	0.0000
NM_001304721.I1.Ini	10000	70.1135	7.0114
NM_001304721.I1.Ter	10000	0.0000	0.0000
NM_008528.I1.Ini	10000	0.0000	0.0000
NM_008528.I1.Ter	10000	0.0000	0.0000
NM_011904.I1.Ini	10000	0.0000	0.0000
NM_011904.I1.Ter	10000	0.0000	0.0000
NM_011904.I2.Ini	10000	0.0000	0.0000
NM_011904.I2.Ter	10000	0.0000	0.0000
NM_031376.I2.Ini	10000	0.0000	0.0000
NM_031376.I2.Ter	10000	0.0000	0.0000
XR_877670.I2.Ini	10000	0.0000	0.0000
XR_877670.I2.Ter	10000	0.0000	0.0000
XM_011247200.I6.Ini	10000	0.0000	0.0000
XM_011247200.I6.Ter	10000	0.0000	0.0000
NM_145500.I1.Ini	10000	0.0000	0.0000
NM_145500.I1.Ter	10000	17.1592	1.7159
XR_386718.I1.Ini	10000	0.0000	0.0000
XR_386718.I1.Ter	10000	0.0000	0.0000
XM_006527372.I2.Ini	10000	0.0000	0.0000
XM_006527372.I2.Ter	10000	0.0000	0.0000
XM_006527182.I1.Ini	10000	17.4405	1.7440
XM_006527182.I1.Ter	10000	0.0000	0.0000
XM_006527214.I2.Ini	10000	0.0000	0.0000
XM_006527214.I2.Ter	10000	0.0000	0.0000
XM_006527214.I3.Ini	10000	0.0000	0.0000
XM_006527214.I3.Ter	10000	0.0000	0.0000
XM_006527214.I4.Ini	10000	0.0000	0.0000
XM_006527214.I4.Ter	10000	0.0000	0.0000
XM_006527214.I5.Ini	10000	0.0000	0.0000
XM_006527214.I5.Ter	10000	0.0000	0.0000
XM_006527214.I8.Ini	10000	0.0000	0.0000
XM_006527214.I8.Ter	10000	0.0000	0.0000
NM_031396.I1.Ini	10000	0.0000	0.0000
NM_031396.I1.Ter	10000	0.0000	0.0000
XM_006527351.I1.Ini	10000	0.0000	0.0000
XM_006527351.I1.Ter	10000	0.0000	0.0000
XM_006527351.I4.Ini	10000	0.0000	0.0000
XM_006527351.I4.Ter	10000	0.0000	0.0000
XM_017318222.I3.Ini	10000	10.5487	1.0549
XM_017318222.I3.Ter	10000	35.0216	3.5022
XM_017318222.I9.Ini	10000	0.0000	0.0000
XM_017318222.I9.Ter	10000	0.0000	0.0000
XM_011247161.I4.Ini	10000	0.0000	0.0000
XM_011247161.I4.Ter	10000	0.0000	0.0000
NM_001037758.I1.Ini	10000	11.1113	1.1111
NM_001037758.I1.Ter	10000	0.0000	0.0000
NM_001037758.I2.Ini	10000	0.0000	0.0000
NM_001037758.I2.Ter	10000	0.0000	0.0000
NM_001037758.I4.Ini	10000	0.0000	0.0000
NM_001037758.I4.Ter	10000	0.0000	0.0000
XR_877675.I5.Ini	10000	13.6430	1.3643
XR_877675.I5.Ter	10000	0.0000	0.0000
XM_011247345.I21.Ini	10000	0.0000	0.0000
XM_011247345.I21.Ter	10000	14.4868	1.4487
XM_011247345.I24.Ini	10000	9.5641	0.9564
XM_011247345.I24.Ter	10000	0.0000	0.0000
XM_011247345.I25.Ini	10000	0.0000	0.0000
XM_011247345.I25.Ter	10000	0.0000	0.0000
XM_006526580.I3.Ini	10000	0.0000	0.0000
XM_006526580.I3.Ter	10000	3.3756	0.3376
NM_015752.I2.Ini	10000	0.0000	0.0000
NM_015752.I2.Ter	10000	0.0000	0.0000
NM_015752.I3.Ini	10000	0.0000	0.0000
NM_015752.I3.Ter	10000	14.9088	1.4909
NM_001177812.I2.Ini	10000	35.4435	3.5444
NM_001177812.I2.Ter	10000	0.0000	0.0000
NM_033569.I1.Ini	10000	11.2519	1.1252
NM_033569.I1.Ter	10000	10.5487	1.0549
NM_001164363.I1.Ini	10000	42.7573	4.2757
NM_001164363.I1.Ter	10000	0.0000	0.0000
NM_001164363.I2.Ini	10000	12.5178	1.2518
NM_001164363.I2.Ter	10000	18.9876	1.8988
NM_021360.I1.Ini	10000	0.0000	0.0000
NM_021360.I1.Ter	10000	0.0000	0.0000
XM_006526669.I1.Ini	10000	0.0000	0.0000
XM_006526669.I1.Ter	10000	0.0000	0.0000
XM_006526669.I2.Ini	10000	0.0000	0.0000
XM_006526669.I2.Ter	10000	0.0000	0.0000
XM_006526669.I3.Ini	10000	0.0000	0.0000
XM_006526669.I3.Ter	10000	0.0000	0.0000
XM_006526669.I5.Ini	10000	16.7372	1.6737
XM_006526669.I5.Ter	10000	0.0000	0.0000
XM_006526669.I6.Ini	10000	0.0000	0.0000
XM_006526669.I6.Ter	10000	11.2519	1.1252
XM_006526669.I7.Ini	10000	30.6615	3.0661
XM_006526669.I7.Ter	10000	0.0000	0.0000
NM_009289.I1.Ini	10000	15.8933	1.5893
NM_009289.I1.Ter	10000	0.0000	0.0000
XM_006527174.I1.Ini	10000	0.0000	0.0000
XM_006527174.I1.Ter	10000	0.0000	0.0000
NM_001163267.I15.Ini	10000	0.0000	0.0000
NM_001163267.I15.Ter	10000	0.0000	0.0000
NM_025696.I1.Ini	10000	0.0000	0.0000
NM_025696.I1.Ter	10000	0.0000	0.0000
NM_025696.I2.Ini	10000	0.0000	0.0000
NM_025696.I2.Ter	10000	0.0000	0.0000
NM_025696.I3.Ini	10000	0.0000	0.0000
NM_025696.I3.Ter	10000	0.0000	0.0000
NM_025696.I4.Ini	10000	0.0000	0.0000
NM_025696.I4.Ter	10000	0.0000	0.0000
NM_025696.I5.Ini	10000	0.0000	0.0000
NM_025696.I5.Ter	10000	0.0000	0.0000
NM_025696.I7.Ini	10000	0.0000	0.0000
NM_025696.I7.Ter	10000	0.0000	0.0000
NM_025696.I14.Ini	10000	0.0000	0.0000
NM_025696.I14.Ter	10000	24.8949	2.4895
NM_001252501.I1.Ini	10000	0.0000	0.0000
NM_001252501.I1.Ter	10000	0.0000	0.0000
NM_001252501.I2.Ini	10000	0.0000	0.0000
NM_001252501.I2.Ter	10000	0.0000	0.0000
NM_001252501.I3.Ini	10000	0.0000	0.0000
NM_001252501.I3.Ter	10000	0.0000	0.0000
NM_001252501.I4.Ini	10000	0.0000	0.0000
NM_001252501.I4.Ter	10000	0.0000	0.0000
NM_001252501.I5.Ini	10000	0.0000	0.0000
NM_001252501.I5.Ter	10000	0.0000	0.0000
NM_001252501.I6.Ini	10000	0.0000	0.0000
NM_001252501.I6.Ter	10000	0.0000	0.0000
NM_001252501.I18.Ini	10000	0.0000	0.0000
NM_001252501.I18.Ter	10000	0.0000	0.0000
XR_386774.I1.Ini	10000	0.0000	0.0000
XR_386774.I1.Ter	10000	0.0000	0.0000
XR_386774.I5.Ini	10000	0.0000	0.0000
XR_386774.I5.Ter	10000	0.0000	0.0000
XM_011247158.I20.Ini	10000	248.6674	24.8667
XM_011247158.I20.Ter	10000	0.0000	0.0000
XR_877911.I1.Ini	10000	0.0000	0.0000
XR_877911.I1.Ter	10000	0.0000	0.0000
NM_001164099.I1.Ini	10000	29.8176	2.9818
NM_001164099.I1.Ter	10000	0.0000	0.0000
NM_001008542.I1.Ini	10000	0.0000	0.0000
NM_001008542.I1.Ter	10000	0.0000	0.0000
NM_001008542.I3.Ini	10000	7.1731	0.7173
NM_001008542.I3.Ter	10000	0.0000	0.0000
XM_011247371.I1.Ini	10000	0.0000	0.0000
XM_011247371.I1.Ter	10000	0.0000	0.0000
NM_001168505.I1.Ini	10000	71.7310	7.1731
NM_001168505.I1.Ter	10000	0.0000	0.0000
XR_386801.I1.Ini	10000	0.0000	0.0000
XR_386801.I1.Ter	10000	0.0000	0.0000
XR_386801.I2.Ini	10000	0.0000	0.0000
XR_386801.I2.Ter	10000	0.0000	0.0000
XM_006526694.I1.Ini	10000	0.0000	0.0000
XM_006526694.I1.Ter	10000	0.0000	0.0000
NM_001293685.I3.Ini	10000	11.5332	1.1533
NM_001293685.I3.Ter	10000	0.0000	0.0000
NM_001293685.I6.Ini	10000	41.3508	4.1351
NM_001293685.I6.Ter	10000	0.0000	0.0000
NM_001293685.I8.Ini	10000	0.0000	0.0000
NM_001293685.I8.Ter	10000	0.0000	0.0000
NR_045318.I2.Ini	10000	0.0000	0.0000
NR_045318.I2.Ter	10000	0.0000	0.0000
XM_017318115.I4.Ini	10000	16.0340	1.6034
XM_017318115.I4.Ter	10000	0.0000	0.0000
XM_017318115.I5.Ini	10000	0.0000	0.0000
XM_017318115.I5.Ter	10000	0.0000	0.0000
XM_006526616.I2.Ini	10000	0.0000	0.0000
XM_006526616.I2.Ter	10000	0.0000	0.0000
XM_017318169.I1.Ini	10000	0.0000	0.0000
XM_017318169.I1.Ter	10000	0.0000	0.0000
XM_017318175.I1.Ini	10000	0.0000	0.0000
XM_017318175.I1.Ter	10000	0.0000	0.0000
XM_017318175.I6.Ini	10000	47.2581	4.7258
XM_017318175.I6.Ter	10000	0.0000	0.0000
NR_040316.I1.Ini	10000	0.0000	0.0000
NR_040316.I1.Ter	10000	0.0000	0.0000
XM_006527049.I24.Ini	10000	49.7897	4.9790
XM_006527049.I24.Ter	10000	0.0000	0.0000
XM_006527049.I26.Ini	10000	43.6012	4.3601
XM_006527049.I26.Ter	10000	0.0000	0.0000
XM_006527049.I27.Ini	10000	12.0958	1.2096
XM_006527049.I27.Ter	10000	0.0000	0.0000
XM_006527049.I28.Ini	10000	0.0000	0.0000
XM_006527049.I28.Ter	10000	0.0000	0.0000
XM_006526681.I4.Ini	10000	0.0000	0.0000
XM_006526681.I4.Ter	10000	0.0000	0.0000
XM_006526681.I5.Ini	10000	0.0000	0.0000
XM_006526681.I5.Ter	10000	0.0000	0.0000
XM_006526681.I6.Ini	10000	0.0000	0.0000
XM_006526681.I6.Ter	10000	0.0000	0.0000
XM_006526681.I9.Ini	10000	0.0000	0.0000
XM_006526681.I9.Ter	10000	0.0000	0.0000
NR_038136.I1.Ini	10000	0.0000	0.0000
NR_038136.I1.Ter	10000	0.0000	0.0000
NM_001327998.I2.Ini	10000	0.0000	0.0000
NM_001327998.I2.Ter	10000	32.3493	3.2349
NM_175172.I14.Ini	10000	51.7588	5.1759
NM_175172.I14.Ter	10000	17.8624	1.7862
NR_002863.I1.Ini	10000	0.0000	0.0000
NR_002863.I1.Ter	10000	0.0000	0.0000
NR_045308.I2.Ini	10000	0.0000	0.0000
NR_045308.I2.Ter	10000	0.0000	0.0000
XR_877971.I2.Ini	10000	0.0000	0.0000
XR_877971.I2.Ter	10000	0.0000	0.0000
XR_001782711.I1.Ini	10000	0.0000	0.0000
XR_001782711.I1.Ter	10000	0.0000	0.0000
XM_011247386.I3.Ini	10000	0.0000	0.0000
XM_011247386.I3.Ter	10000	0.0000	0.0000
XR_001782668.I1.Ini	10000	0.0000	0.0000
XR_001782668.I1.Ter	10000	0.0000	0.0000
XM_006526697.I1.Ini	10000	0.0000	0.0000
XM_006526697.I1.Ter	10000	18.8470	1.8847
XM_006526697.I3.Ini	10000	0.0000	0.0000
XM_006526697.I3.Ter	10000	0.0000	0.0000
NR_131953.I3.Ini	10000	2.5317	0.2532
NR_131953.I3.Ter	10000	0.0000	0.0000
