#ID	Region_Length	RPM(Lib-Size Normalization Depends on Depth File)	RPKM
NM_134123.I1.Ini	10000	23.2087	2.3209
NM_134123.I1.Ter	10000	0.0000	0.0000
XM_006523225.I1.Ini	10000	14.6721	1.4672
XM_006523225.I1.Ter	10000	0.0000	0.0000
XM_006523225.I2.Ini	10000	0.0000	0.0000
XM_006523225.I2.Ter	10000	0.0000	0.0000
XM_006523225.I15.Ini	10000	0.0000	0.0000
XM_006523225.I15.Ter	10000	0.0000	0.0000
XM_006523225.I16.Ini	10000	0.0000	0.0000
XM_006523225.I16.Ter	10000	0.0000	0.0000
NR_045764.I3.Ini	10000	0.0000	0.0000
NR_045764.I3.Ter	10000	0.0000	0.0000
NM_001085355.I1.Ini	10000	23.8756	2.3876
NM_001085355.I1.Ter	10000	0.0000	0.0000
NM_001085355.I2.Ini	10000	15.7392	1.5739
NM_001085355.I2.Ter	10000	9.3368	0.9337
NM_001085355.I3.Ini	10000	0.0000	0.0000
NM_001085355.I3.Ter	10000	0.0000	0.0000
NM_001085355.I4.Ini	10000	0.0000	0.0000
NM_001085355.I4.Ter	10000	0.0000	0.0000
NM_001085355.I5.Ini	10000	0.0000	0.0000
NM_001085355.I5.Ter	10000	0.2668	0.0267
NM_027457.I3.Ini	10000	0.0000	0.0000
NM_027457.I3.Ter	10000	0.0000	0.0000
NM_146073.I1.Ini	10000	0.0000	0.0000
NM_146073.I1.Ter	10000	0.0000	0.0000
NM_146073.I2.Ini	10000	0.0000	0.0000
NM_146073.I2.Ter	10000	0.0000	0.0000
NM_146073.I3.Ini	10000	0.0000	0.0000
NM_146073.I3.Ter	10000	0.0000	0.0000
NM_146073.I8.Ini	10000	0.0000	0.0000
NM_146073.I8.Ter	10000	0.0000	0.0000
NM_025664.I1.Ini	10000	10.6706	1.0671
NM_025664.I1.Ter	10000	0.0000	0.0000
XM_006523203.I1.Ini	10000	0.0000	0.0000
XM_006523203.I1.Ter	10000	0.0000	0.0000
NM_001103181.I1.Ini	10000	0.0000	0.0000
NM_001103181.I1.Ter	10000	26.6766	2.6677
XM_006523257.I1.Ini	10000	0.0000	0.0000
XM_006523257.I1.Ter	10000	0.0000	0.0000
NM_009510.I1.Ini	10000	0.0000	0.0000
NM_009510.I1.Ter	10000	0.0000	0.0000
NM_001083945.I2.Ini	10000	0.0000	0.0000
NM_001083945.I2.Ter	10000	13.6051	1.3605
NM_001033442.I2.Ini	10000	0.0000	0.0000
NM_001033442.I2.Ter	10000	0.0000	0.0000
XM_006523199.I1.Ini	10000	0.0000	0.0000
XM_006523199.I1.Ter	10000	15.8726	1.5873
XM_006523350.I1.Ini	10000	0.0000	0.0000
XM_006523350.I1.Ter	10000	0.0000	0.0000
XR_001782310.I3.Ini	10000	0.0000	0.0000
XR_001782310.I3.Ter	10000	0.0000	0.0000
XR_001782310.I4.Ini	10000	6.9359	0.6936
XR_001782310.I4.Ter	10000	0.0000	0.0000
XR_001782310.I5.Ini	10000	0.0000	0.0000
XR_001782310.I5.Ter	10000	0.0000	0.0000
XM_006523318.I1.Ini	10000	0.0000	0.0000
XM_006523318.I1.Ter	10000	0.0000	0.0000
XM_006523318.I3.Ini	10000	0.0000	0.0000
XM_006523318.I3.Ter	10000	0.0000	0.0000
XM_006523318.I4.Ini	10000	0.0000	0.0000
XM_006523318.I4.Ter	10000	0.0000	0.0000
NM_001159517.I1.Ini	10000	14.0052	1.4005
NM_001159517.I1.Ter	10000	0.0000	0.0000
NM_001159517.I3.Ini	10000	0.0000	0.0000
NM_001159517.I3.Ter	10000	0.0000	0.0000
NM_001159517.I4.Ini	10000	0.0000	0.0000
NM_001159517.I4.Ter	10000	0.0000	0.0000
NM_027032.I1.Ini	10000	0.0000	0.0000
NM_027032.I1.Ter	10000	0.0000	0.0000
NM_027032.I2.Ini	10000	0.0000	0.0000
NM_027032.I2.Ter	10000	0.0000	0.0000
NM_027032.I3.Ini	10000	0.0000	0.0000
NM_027032.I3.Ter	10000	0.0000	0.0000
NM_027032.I4.Ini	10000	0.0000	0.0000
NM_027032.I4.Ter	10000	0.0000	0.0000
NR_077237.I1.Ini	10000	0.0000	0.0000
NR_077237.I1.Ter	10000	0.0000	0.0000
XR_876412.I2.Ini	10000	0.0000	0.0000
XR_876412.I2.Ter	10000	0.0000	0.0000
NM_016694.I1.Ini	10000	0.0000	0.0000
NM_016694.I1.Ter	10000	0.0000	0.0000
NM_016694.I2.Ini	10000	0.0000	0.0000
NM_016694.I2.Ter	10000	0.0000	0.0000
NM_016694.I3.Ini	10000	0.0000	0.0000
NM_016694.I3.Ter	10000	0.0000	0.0000
NM_016694.I4.Ini	10000	0.0000	0.0000
NM_016694.I4.Ter	10000	0.0000	0.0000
NM_016694.I5.Ini	10000	0.0000	0.0000
NM_016694.I5.Ter	10000	0.0000	0.0000
NM_016694.I6.Ini	10000	0.0000	0.0000
NM_016694.I6.Ter	10000	0.0000	0.0000
NM_016694.I7.Ini	10000	0.0000	0.0000
NM_016694.I7.Ter	10000	0.0000	0.0000
NM_016694.I9.Ini	10000	0.0000	0.0000
NM_016694.I9.Ter	10000	0.0000	0.0000
NM_016694.I10.Ini	10000	0.0000	0.0000
NM_016694.I10.Ter	10000	0.0000	0.0000
XR_001782243.I1.Ini	10000	0.0000	0.0000
XR_001782243.I1.Ter	10000	0.0000	0.0000
XM_006523345.I1.Ini	10000	12.6714	1.2671
XM_006523345.I1.Ter	10000	0.0000	0.0000
XM_006523345.I2.Ini	10000	0.0000	0.0000
XM_006523345.I2.Ter	10000	0.0000	0.0000
XR_001782079.I1.Ini	10000	0.0000	0.0000
XR_001782079.I1.Ter	10000	36.1468	3.6147
NM_011395.I1.Ini	10000	0.0000	0.0000
NM_011395.I1.Ter	10000	0.0000	0.0000
NM_011395.I5.Ini	10000	0.0000	0.0000
NM_011395.I5.Ter	10000	0.0000	0.0000
NM_010515.I1.Ini	10000	0.0000	0.0000
NM_010515.I1.Ter	10000	0.0000	0.0000
NR_027773.I1.Ini	10000	0.0000	0.0000
NR_027773.I1.Ter	10000	0.0000	0.0000
XR_385245.I1.Ini	10000	0.0000	0.0000
XR_385245.I1.Ter	10000	0.0000	0.0000
NR_045437.I2.Ini	10000	8.1364	0.8136
NR_045437.I2.Ter	10000	0.0000	0.0000
NM_022311.I1.Ini	10000	0.0000	0.0000
NM_022311.I1.Ter	10000	0.0000	0.0000
XM_006523752.I1.Ini	10000	19.0738	1.9074
XM_006523752.I1.Ter	10000	0.0000	0.0000
NM_022315.I1.Ini	10000	0.0000	0.0000
NM_022315.I1.Ter	10000	0.0000	0.0000
NM_022315.I7.Ini	10000	0.0000	0.0000
NM_022315.I7.Ter	10000	0.0000	0.0000
NM_022315.I9.Ini	10000	0.0000	0.0000
NM_022315.I9.Ter	10000	0.0000	0.0000
XR_876627.I1.Ini	10000	0.0000	0.0000
XR_876627.I1.Ter	10000	0.0000	0.0000
XM_006524929.I24.Ini	10000	0.0000	0.0000
XM_006524929.I24.Ter	10000	0.0000	0.0000
XM_006524463.I17.Ini	10000	24.8093	2.4809
XM_006524463.I17.Ter	10000	0.0000	0.0000
XR_876635.I1.Ini	10000	0.0000	0.0000
XR_876635.I1.Ter	10000	0.0000	0.0000
XR_876635.I2.Ini	10000	0.0000	0.0000
XR_876635.I2.Ter	10000	0.0000	0.0000
XR_876635.I3.Ini	10000	0.0000	0.0000
XR_876635.I3.Ter	10000	0.0000	0.0000
NM_001005358.I1.Ini	10000	0.0000	0.0000
NM_001005358.I1.Ter	10000	0.0000	0.0000
NM_011765.I1.Ini	10000	8.8700	0.8870
NM_011765.I1.Ter	10000	0.0000	0.0000
XR_876639.I1.Ini	10000	0.0000	0.0000
XR_876639.I1.Ter	10000	0.0000	0.0000
XM_011246742.I1.Ini	10000	11.8711	1.1871
XM_011246742.I1.Ter	10000	0.0000	0.0000
NM_001324550.I1.Ini	10000	0.0000	0.0000
NM_001324550.I1.Ter	10000	0.0000	0.0000
NM_025681.I1.Ini	10000	11.7377	1.1738
NM_025681.I1.Ter	10000	0.0000	0.0000
NM_172827.I1.Ini	10000	0.0000	0.0000
NM_172827.I1.Ter	10000	0.0000	0.0000
NM_001104540.I1.Ini	10000	0.0000	0.0000
NM_001104540.I1.Ter	10000	0.0000	0.0000
NM_001104540.I5.Ini	10000	0.0000	0.0000
NM_001104540.I5.Ter	10000	0.0000	0.0000
XR_385461.I1.Ini	10000	0.0000	0.0000
XR_385461.I1.Ter	10000	0.0000	0.0000
NM_001256493.I2.Ini	10000	0.0000	0.0000
NM_001256493.I2.Ter	10000	0.0000	0.0000
NM_001025373.I1.Ini	10000	15.6058	1.5606
NM_001025373.I1.Ter	10000	0.0000	0.0000
NR_030709.I2.Ini	10000	0.0000	0.0000
NR_030709.I2.Ter	10000	0.0000	0.0000
XM_017317323.I1.Ini	10000	0.0000	0.0000
XM_017317323.I1.Ter	10000	0.0000	0.0000
NM_134126.I18.Ini	10000	0.0000	0.0000
NM_134126.I18.Ter	10000	0.0000	0.0000
NM_001163691.I2.Ini	10000	0.0000	0.0000
NM_001163691.I2.Ter	10000	12.9382	1.2938
NM_029624.I3.Ini	10000	0.0000	0.0000
NM_029624.I3.Ter	10000	16.6729	1.6673
NM_139154.I2.Ini	10000	0.0000	0.0000
NM_139154.I2.Ter	10000	0.0000	0.0000
XM_006524023.I1.Ini	10000	0.0000	0.0000
XM_006524023.I1.Ter	10000	0.0000	0.0000
XM_006523515.I3.Ini	10000	0.0000	0.0000
XM_006523515.I3.Ter	10000	0.0000	0.0000
NM_207217.I1.Ini	10000	0.0000	0.0000
NM_207217.I1.Ter	10000	0.0000	0.0000
XR_876694.I1.Ini	10000	0.0000	0.0000
XR_876694.I1.Ter	10000	0.0000	0.0000
XM_006524823.I1.Ini	10000	9.3368	0.9337
XM_006524823.I1.Ter	10000	0.0000	0.0000
XM_011246717.I1.Ini	10000	0.0000	0.0000
XM_011246717.I1.Ter	10000	3.6013	0.3601
XR_385491.I1.Ini	10000	0.0000	0.0000
XR_385491.I1.Ter	10000	0.0000	0.0000
XM_011246475.I2.Ini	10000	0.0000	0.0000
XM_011246475.I2.Ter	10000	0.0000	0.0000
NM_019837.I1.Ini	10000	3.6013	0.3601
NM_019837.I1.Ter	10000	0.5335	0.0534
NM_001286743.I1.Ini	10000	0.0000	0.0000
NM_001286743.I1.Ter	10000	0.0000	0.0000
NM_001271511.I1.Ini	10000	0.0000	0.0000
NM_001271511.I1.Ter	10000	0.0000	0.0000
NM_001271511.I3.Ini	10000	17.3398	1.7340
NM_001271511.I3.Ter	10000	0.0000	0.0000
NM_001286040.I1.Ini	10000	0.0000	0.0000
NM_001286040.I1.Ter	10000	12.1379	1.2138
NM_001286040.I12.Ini	10000	0.0000	0.0000
NM_001286040.I12.Ter	10000	0.0000	0.0000
NM_011145.I2.Ini	10000	0.0000	0.0000
NM_011145.I2.Ter	10000	0.0000	0.0000
NM_010220.I1.Ini	10000	32.5455	3.2545
NM_010220.I1.Ter	10000	0.0000	0.0000
NM_001168514.I2.Ini	10000	26.5432	2.6543
NM_001168514.I2.Ter	10000	0.0000	0.0000
XR_385508.I2.Ini	10000	0.0000	0.0000
XR_385508.I2.Ter	10000	0.0000	0.0000
XM_011246609.I1.Ini	10000	0.0000	0.0000
XM_011246609.I1.Ter	10000	0.0000	0.0000
NR_132314.I7.Ini	10000	32.0119	3.2012
NR_132314.I7.Ter	10000	15.7392	1.5739
XR_876562.I1.Ini	10000	0.0000	0.0000
XR_876562.I1.Ter	10000	0.0000	0.0000
XM_006524027.I1.Ini	10000	12.9382	1.2938
XM_006524027.I1.Ter	10000	0.0000	0.0000
XM_006524027.I2.Ini	10000	0.0000	0.0000
XM_006524027.I2.Ter	10000	0.0000	0.0000
XM_006524027.I4.Ini	10000	21.7414	2.1741
XM_006524027.I4.Ter	10000	0.0000	0.0000
XM_006524094.I1.Ini	10000	0.0000	0.0000
XM_006524094.I1.Ter	10000	0.0000	0.0000
XM_006524094.I6.Ini	10000	6.1356	0.6136
XM_006524094.I6.Ter	10000	0.0000	0.0000
XM_006524094.I7.Ini	10000	0.0000	0.0000
XM_006524094.I7.Ter	10000	22.5417	2.2542
XM_006524094.I8.Ini	10000	0.0000	0.0000
XM_006524094.I8.Ter	10000	0.0000	0.0000
XM_006524094.I9.Ini	10000	0.0000	0.0000
XM_006524094.I9.Ter	10000	0.0000	0.0000
XM_006524094.I10.Ini	10000	0.0000	0.0000
XM_006524094.I10.Ter	10000	0.0000	0.0000
NM_009593.I2.Ini	10000	0.0000	0.0000
NM_009593.I2.Ter	10000	0.0000	0.0000
XR_001782057.I1.Ini	10000	0.0000	0.0000
XR_001782057.I1.Ter	10000	0.0000	0.0000
XR_001782057.I4.Ini	10000	0.0000	0.0000
XR_001782057.I4.Ter	10000	0.0000	0.0000
XM_006525033.I7.Ini	10000	0.0000	0.0000
XM_006525033.I7.Ter	10000	0.0000	0.0000
XM_006525033.I8.Ini	10000	0.0000	0.0000
XM_006525033.I8.Ter	10000	0.0000	0.0000
XM_006524691.I1.Ini	10000	0.0000	0.0000
XM_006524691.I1.Ter	10000	0.0000	0.0000
NM_207541.I1.Ini	10000	0.0000	0.0000
NM_207541.I1.Ter	10000	4.2683	0.4268
NR_015618.I1.Ini	10000	0.0000	0.0000
NR_015618.I1.Ter	10000	0.0000	0.0000
XM_011246573.I3.Ini	10000	33.3013	3.3301
XM_011246573.I3.Ter	10000	3.8681	0.3868
XR_876784.I2.Ini	10000	0.0000	0.0000
XR_876784.I2.Ter	10000	0.0000	0.0000
XM_017317477.I1.Ini	10000	0.0000	0.0000
XM_017317477.I1.Ter	10000	0.0000	0.0000
XR_877120.I1.Ini	10000	0.0000	0.0000
XR_877120.I1.Ter	10000	0.0000	0.0000
XM_006524754.I2.Ini	10000	0.0000	0.0000
XM_006524754.I2.Ter	10000	0.0000	0.0000
XM_006524754.I3.Ini	10000	0.0000	0.0000
XM_006524754.I3.Ter	10000	0.0000	0.0000
XM_017317725.I1.Ini	10000	10.9374	1.0937
XM_017317725.I1.Ter	10000	0.0000	0.0000
XM_017317565.I1.Ini	10000	0.0000	0.0000
XM_017317565.I1.Ter	10000	0.0000	0.0000
XM_011246263.I1.Ini	10000	0.0000	0.0000
XM_011246263.I1.Ter	10000	0.0000	0.0000
XM_011246263.I17.Ini	10000	113.7091	11.3709
XM_011246263.I17.Ter	10000	0.0000	0.0000
NM_178589.I1.Ini	10000	0.0000	0.0000
NM_178589.I1.Ter	10000	0.0000	0.0000
NM_178589.I3.Ini	10000	0.0000	0.0000
NM_178589.I3.Ter	10000	0.0000	0.0000
NM_178589.I4.Ini	10000	0.0000	0.0000
NM_178589.I4.Ter	10000	0.0000	0.0000
XM_017317437.I1.Ini	10000	0.0000	0.0000
XM_017317437.I1.Ter	10000	0.0000	0.0000
XM_006524365.I1.Ini	10000	0.0000	0.0000
XM_006524365.I1.Ter	10000	2.9344	0.2934
NM_018887.I7.Ini	10000	0.0000	0.0000
NM_018887.I7.Ter	10000	0.0000	0.0000
XM_006524622.I1.Ini	10000	0.0000	0.0000
XM_006524622.I1.Ter	10000	0.0000	0.0000
XM_006524622.I2.Ini	10000	0.0000	0.0000
XM_006524622.I2.Ter	10000	0.0000	0.0000
XM_006524135.I1.Ini	10000	0.0000	0.0000
XM_006524135.I1.Ter	10000	0.0000	0.0000
XM_006524135.I4.Ini	10000	0.0000	0.0000
XM_006524135.I4.Ter	10000	0.0000	0.0000
XM_006523542.I2.Ini	10000	0.0000	0.0000
XM_006523542.I2.Ter	10000	0.0000	0.0000
XM_006523542.I5.Ini	10000	0.0000	0.0000
XM_006523542.I5.Ter	10000	0.0000	0.0000
XM_006523542.I7.Ini	10000	0.0000	0.0000
XM_006523542.I7.Ter	10000	0.0000	0.0000
XM_006523477.I2.Ini	10000	22.2750	2.2275
XM_006523477.I2.Ter	10000	0.0000	0.0000
XM_006523477.I3.Ini	10000	0.0000	0.0000
XM_006523477.I3.Ter	10000	0.0000	0.0000
XM_006523477.I6.Ini	10000	0.0000	0.0000
XM_006523477.I6.Ter	10000	0.1334	0.0133
XM_006523477.I11.Ini	10000	13.2049	1.3205
XM_006523477.I11.Ter	10000	0.0000	0.0000
XR_001782269.I1.Ini	10000	0.0000	0.0000
XR_001782269.I1.Ter	10000	0.0000	0.0000
XM_006524924.I1.Ini	10000	0.0000	0.0000
XM_006524924.I1.Ter	10000	16.9397	1.6940
XM_006523976.I1.Ini	10000	0.0000	0.0000
XM_006523976.I1.Ter	10000	0.0000	0.0000
XM_006523976.I2.Ini	10000	0.0000	0.0000
XM_006523976.I2.Ter	10000	0.0000	0.0000
NM_001097623.I3.Ini	10000	9.7370	0.9737
NM_001097623.I3.Ter	10000	0.0000	0.0000
NM_001097623.I4.Ini	10000	10.6706	1.0671
NM_001097623.I4.Ter	10000	0.0000	0.0000
NM_001097623.I5.Ini	10000	0.0000	0.0000
NM_001097623.I5.Ter	10000	0.0000	0.0000
NM_001081636.I1.Ini	10000	21.8748	2.1875
NM_001081636.I1.Ter	10000	0.0000	0.0000
NM_198421.I2.Ini	10000	0.0000	0.0000
NM_198421.I2.Ter	10000	11.8711	1.1871
NM_001161722.I1.Ini	10000	0.0000	0.0000
NM_001161722.I1.Ter	10000	0.0000	0.0000
XR_385618.I1.Ini	10000	0.0000	0.0000
XR_385618.I1.Ter	10000	0.0000	0.0000
NR_110485.I1.Ini	10000	0.0000	0.0000
NR_110485.I1.Ter	10000	0.0000	0.0000
XM_017317514.I5.Ini	10000	0.0000	0.0000
XM_017317514.I5.Ter	10000	0.0000	0.0000
XR_876584.I7.Ini	10000	0.0000	0.0000
XR_876584.I7.Ter	10000	0.0000	0.0000
NM_027452.I1.Ini	10000	0.0000	0.0000
NM_027452.I1.Ter	10000	0.0000	0.0000
NM_027452.I2.Ini	10000	0.0000	0.0000
NM_027452.I2.Ter	10000	0.0000	0.0000
XM_006525090.I1.Ini	10000	0.0000	0.0000
XM_006525090.I1.Ter	10000	0.0000	0.0000
XM_006524391.I3.Ini	10000	0.0000	0.0000
XM_006524391.I3.Ter	10000	0.0000	0.0000
XM_006524391.I6.Ini	10000	0.0000	0.0000
XM_006524391.I6.Ter	10000	0.0000	0.0000
XM_006524391.I10.Ini	10000	0.0000	0.0000
XM_006524391.I10.Ter	10000	0.0000	0.0000
XM_006524391.I13.Ini	10000	0.0000	0.0000
XM_006524391.I13.Ter	10000	0.0000	0.0000
XM_006524391.I15.Ini	10000	0.0000	0.0000
XM_006524391.I15.Ter	10000	0.0000	0.0000
NM_181397.I1.Ini	10000	11.4709	1.1471
NM_181397.I1.Ter	10000	8.5365	0.8537
NM_181397.I2.Ini	10000	28.6774	2.8677
NM_181397.I2.Ter	10000	0.0000	0.0000
NM_181397.I3.Ini	10000	11.8711	1.1871
NM_181397.I3.Ter	10000	0.0000	0.0000
NM_181397.I4.Ini	10000	417.0892	41.7089
NM_181397.I4.Ter	10000	0.0000	0.0000
NM_181397.I7.Ini	10000	0.0000	0.0000
NM_181397.I7.Ter	10000	0.0000	0.0000
XM_006524151.I2.Ini	10000	11.7377	1.1738
XM_006524151.I2.Ter	10000	0.0000	0.0000
XM_006524151.I4.Ini	10000	0.0000	0.0000
XM_006524151.I4.Ter	10000	0.0000	0.0000
XM_006524151.I5.Ini	10000	0.0000	0.0000
XM_006524151.I5.Ter	10000	0.0000	0.0000
NM_028162.I1.Ini	10000	0.0000	0.0000
NM_028162.I1.Ter	10000	0.0000	0.0000
NM_028162.I2.Ini	10000	10.9374	1.0937
NM_028162.I2.Ter	10000	9.4702	0.9470
NM_028162.I3.Ini	10000	0.0000	0.0000
NM_028162.I3.Ter	10000	0.0000	0.0000
NM_028162.I8.Ini	10000	0.0000	0.0000
NM_028162.I8.Ter	10000	0.0000	0.0000
NM_028162.I13.Ini	10000	9.8703	0.9870
NM_028162.I13.Ter	10000	0.0000	0.0000
NM_028162.I14.Ini	10000	0.0000	0.0000
NM_028162.I14.Ter	10000	0.0000	0.0000
NM_028162.I15.Ini	10000	0.0000	0.0000
NM_028162.I15.Ter	10000	0.0000	0.0000
NM_028162.I18.Ini	10000	0.0000	0.0000
NM_028162.I18.Ter	10000	0.0000	0.0000
NM_001163632.I1.Ini	10000	0.0000	0.0000
NM_001163632.I1.Ter	10000	89.2333	8.9233
NM_001163632.I9.Ini	10000	0.0000	0.0000
NM_001163632.I9.Ter	10000	0.2668	0.0267
NR_045095.I1.Ini	10000	0.0000	0.0000
NR_045095.I1.Ter	10000	0.0000	0.0000
NR_045095.I2.Ini	10000	0.0000	0.0000
NR_045095.I2.Ter	10000	0.0000	0.0000
NM_001031811.I1.Ini	10000	0.0000	0.0000
NM_001031811.I1.Ter	10000	0.0000	0.0000
NM_001031811.I2.Ini	10000	0.0000	0.0000
NM_001031811.I2.Ter	10000	0.0000	0.0000
NM_001031811.I3.Ini	10000	0.0000	0.0000
NM_001031811.I3.Ter	10000	0.0000	0.0000
NM_001031811.I5.Ini	10000	0.0000	0.0000
NM_001031811.I5.Ter	10000	0.0000	0.0000
NM_001031811.I7.Ini	10000	0.0000	0.0000
NM_001031811.I7.Ter	10000	0.0000	0.0000
NM_001031811.I11.Ini	10000	0.0000	0.0000
NM_001031811.I11.Ter	10000	0.0000	0.0000
NM_173449.I1.Ini	10000	0.0000	0.0000
NM_173449.I1.Ter	10000	0.0000	0.0000
XR_385299.I1.Ini	10000	14.6721	1.4672
XR_385299.I1.Ter	10000	0.0000	0.0000
NM_139138.I15.Ini	10000	0.0000	0.0000
NM_139138.I15.Ter	10000	0.0000	0.0000
XR_876883.I1.Ini	10000	0.0000	0.0000
XR_876883.I1.Ter	10000	275.7252	27.5725
NM_009056.I1.Ini	10000	0.0000	0.0000
NM_009056.I1.Ter	10000	0.0000	0.0000
NM_175731.I1.Ini	10000	0.0000	0.0000
NM_175731.I1.Ter	10000	0.0000	0.0000
XM_006523601.I2.Ini	10000	0.0000	0.0000
XM_006523601.I2.Ter	10000	0.0000	0.0000
XM_006523601.I12.Ini	10000	0.0000	0.0000
XM_006523601.I12.Ter	10000	0.0000	0.0000
XM_006524742.I1.Ini	10000	0.0000	0.0000
XM_006524742.I1.Ter	10000	0.0000	0.0000
XM_006524742.I3.Ini	10000	0.0000	0.0000
XM_006524742.I3.Ter	10000	0.0000	0.0000
XM_006524742.I4.Ini	10000	0.0000	0.0000
XM_006524742.I4.Ter	10000	0.0000	0.0000
XM_006524742.I6.Ini	10000	0.0000	0.0000
XM_006524742.I6.Ter	10000	0.0000	0.0000
XM_006524742.I9.Ini	10000	0.0000	0.0000
XM_006524742.I9.Ter	10000	0.0000	0.0000
XM_006524742.I10.Ini	10000	0.0000	0.0000
XM_006524742.I10.Ter	10000	0.0000	0.0000
XM_006524742.I11.Ini	10000	0.0000	0.0000
XM_006524742.I11.Ter	10000	0.0000	0.0000
XM_006524742.I12.Ini	10000	0.0000	0.0000
XM_006524742.I12.Ter	10000	0.0000	0.0000
XM_006524742.I18.Ini	10000	0.0000	0.0000
XM_006524742.I18.Ter	10000	0.0000	0.0000
XM_006524742.I20.Ini	10000	0.0000	0.0000
XM_006524742.I20.Ter	10000	0.0000	0.0000
NM_027001.I8.Ini	10000	0.0000	0.0000
NM_027001.I8.Ter	10000	0.0000	0.0000
XM_003085139.I1.Ini	10000	0.0000	0.0000
XM_003085139.I1.Ter	10000	0.0000	0.0000
NM_010109.I1.Ini	10000	23.4754	2.3475
NM_010109.I1.Ter	10000	16.1394	1.6139
NM_010109.I2.Ini	10000	22.9419	2.2942
NM_010109.I2.Ter	10000	25.3428	2.5343
NM_015794.I4.Ini	10000	0.0000	0.0000
NM_015794.I4.Ter	10000	0.0000	0.0000
NM_015794.I5.Ini	10000	10.0037	1.0004
NM_015794.I5.Ter	10000	0.0000	0.0000
NM_015794.I6.Ini	10000	24.2090	2.4209
NM_015794.I6.Ter	10000	0.0000	0.0000
NM_015794.I7.Ini	10000	0.0000	0.0000
NM_015794.I7.Ter	10000	0.0000	0.0000
NM_015794.I8.Ini	10000	15.2057	1.5206
NM_015794.I8.Ter	10000	0.0000	0.0000
XM_011246293.I10.Ini	10000	0.0000	0.0000
XM_011246293.I10.Ter	10000	0.0000	0.0000
XM_011246293.I13.Ini	10000	0.0000	0.0000
XM_011246293.I13.Ter	10000	0.0000	0.0000
XM_011246293.I16.Ini	10000	14.0052	1.4005
XM_011246293.I16.Ter	10000	0.0000	0.0000
XM_011246293.I17.Ini	10000	0.0000	0.0000
XM_011246293.I17.Ter	10000	0.0000	0.0000
NR_045899.I1.Ini	10000	0.0000	0.0000
NR_045899.I1.Ter	10000	0.0000	0.0000
NM_008549.I1.Ini	10000	30.0112	3.0011
NM_008549.I1.Ter	10000	0.0000	0.0000
NM_008549.I12.Ini	10000	11.4709	1.1471
NM_008549.I12.Ter	10000	2.6677	0.2668
XM_006524492.I1.Ini	10000	0.0000	0.0000
XM_006524492.I1.Ter	10000	0.0000	0.0000
XM_006524492.I6.Ini	10000	0.0000	0.0000
XM_006524492.I6.Ter	10000	0.0000	0.0000
XM_006524492.I9.Ini	10000	0.0000	0.0000
XM_006524492.I9.Ter	10000	0.0000	0.0000
XM_006524492.I10.Ini	10000	0.0000	0.0000
XM_006524492.I10.Ter	10000	0.0000	0.0000
XM_006524492.I11.Ini	10000	0.0000	0.0000
XM_006524492.I11.Ter	10000	0.0000	0.0000
NM_133685.I1.Ini	10000	0.0000	0.0000
NM_133685.I1.Ter	10000	0.0000	0.0000
NM_133685.I5.Ini	10000	0.0000	0.0000
NM_133685.I5.Ter	10000	0.0000	0.0000
XM_006523399.I1.Ini	10000	17.4732	1.7473
XM_006523399.I1.Ter	10000	24.6759	2.4676
XM_006523399.I7.Ini	10000	30.2113	3.0211
XM_006523399.I7.Ter	10000	0.0000	0.0000
XM_006524849.I3.Ini	10000	0.0000	0.0000
XM_006524849.I3.Ter	10000	12.5380	1.2538
NM_028998.I2.Ini	10000	0.0000	0.0000
NM_028998.I2.Ter	10000	0.0000	0.0000
NM_008984.I1.Ini	10000	0.0000	0.0000
NM_008984.I1.Ter	10000	0.0000	0.0000
NM_008984.I2.Ini	10000	0.0000	0.0000
NM_008984.I2.Ter	10000	0.0000	0.0000
NM_008984.I7.Ini	10000	0.0000	0.0000
NM_008984.I7.Ter	10000	0.0000	0.0000
NM_008984.I11.Ini	10000	0.0000	0.0000
NM_008984.I11.Ter	10000	0.0000	0.0000
NM_008984.I13.Ini	10000	0.0000	0.0000
NM_008984.I13.Ter	10000	0.0000	0.0000
NM_008984.I14.Ini	10000	0.0000	0.0000
NM_008984.I14.Ter	10000	0.0000	0.0000
NM_008984.I17.Ini	10000	0.0000	0.0000
NM_008984.I17.Ter	10000	0.0000	0.0000
NM_008984.I21.Ini	10000	0.0000	0.0000
NM_008984.I21.Ter	10000	0.0000	0.0000
XR_385719.I2.Ini	10000	0.0000	0.0000
XR_385719.I2.Ter	10000	0.0000	0.0000
XM_006523717.I3.Ini	10000	0.0000	0.0000
XM_006523717.I3.Ter	10000	0.0000	0.0000
NM_172964.I1.Ini	10000	0.0000	0.0000
NM_172964.I1.Ter	10000	0.0000	0.0000
XM_006524417.I1.Ini	10000	0.0000	0.0000
XM_006524417.I1.Ter	10000	62.3566	6.2357
XM_006524417.I3.Ini	10000	0.0000	0.0000
XM_006524417.I3.Ter	10000	0.0000	0.0000
XM_006524417.I4.Ini	10000	0.0000	0.0000
XM_006524417.I4.Ter	10000	0.0000	0.0000
XM_006524417.I5.Ini	10000	0.0000	0.0000
XM_006524417.I5.Ter	10000	0.0000	0.0000
XM_006524417.I6.Ini	10000	0.0000	0.0000
XM_006524417.I6.Ter	10000	0.0000	0.0000
XM_006524417.I11.Ini	10000	0.0000	0.0000
XM_006524417.I11.Ter	10000	0.0000	0.0000
XM_006524417.I13.Ini	10000	0.0000	0.0000
XM_006524417.I13.Ter	10000	0.0000	0.0000
XM_006524417.I14.Ini	10000	0.0000	0.0000
XM_006524417.I14.Ter	10000	0.0000	0.0000
XM_006524417.I15.Ini	10000	0.0000	0.0000
XM_006524417.I15.Ter	10000	0.0000	0.0000
XM_006524417.I17.Ini	10000	0.0000	0.0000
XM_006524417.I17.Ter	10000	0.0000	0.0000
XM_006523618.I1.Ini	10000	0.0000	0.0000
XM_006523618.I1.Ter	10000	0.0000	0.0000
XM_006523618.I3.Ini	10000	0.0000	0.0000
XM_006523618.I3.Ter	10000	0.0000	0.0000
XR_876922.I2.Ini	10000	0.0000	0.0000
XR_876922.I2.Ter	10000	0.0000	0.0000
XM_006524415.I1.Ini	10000	0.0000	0.0000
XM_006524415.I1.Ter	10000	0.0000	0.0000
XR_001782148.I1.Ini	10000	0.0000	0.0000
XR_001782148.I1.Ter	10000	0.0000	0.0000
XM_006524172.I1.Ini	10000	0.0000	0.0000
XM_006524172.I1.Ter	10000	0.0000	0.0000
XM_006524172.I2.Ini	10000	0.0000	0.0000
XM_006524172.I2.Ter	10000	0.0000	0.0000
XM_006524172.I3.Ini	10000	0.0000	0.0000
XM_006524172.I3.Ter	10000	0.0000	0.0000
XM_006524172.I4.Ini	10000	0.0000	0.0000
XM_006524172.I4.Ter	10000	0.0000	0.0000
XM_006524172.I5.Ini	10000	0.0000	0.0000
XM_006524172.I5.Ter	10000	0.0000	0.0000
XM_006524172.I7.Ini	10000	0.0000	0.0000
XM_006524172.I7.Ter	10000	0.0000	0.0000
XM_006524172.I9.Ini	10000	0.0000	0.0000
XM_006524172.I9.Ter	10000	0.0000	0.0000
XM_006524172.I10.Ini	10000	0.0000	0.0000
XM_006524172.I10.Ter	10000	0.0000	0.0000
XM_006524172.I12.Ini	10000	0.0000	0.0000
XM_006524172.I12.Ter	10000	0.0000	0.0000
XM_006524172.I13.Ini	10000	0.0000	0.0000
XM_006524172.I13.Ter	10000	0.0000	0.0000
XR_876929.I1.Ini	10000	0.0000	0.0000
XR_876929.I1.Ter	10000	0.0000	0.0000
XR_876929.I2.Ini	10000	0.0000	0.0000
XR_876929.I2.Ter	10000	0.0000	0.0000
XR_001782149.I3.Ini	10000	0.0000	0.0000
XR_001782149.I3.Ter	10000	0.0000	0.0000
XR_385732.I1.Ini	10000	0.0000	0.0000
XR_385732.I1.Ter	10000	0.0000	0.0000
XR_001782184.I2.Ini	10000	0.0000	0.0000
XR_001782184.I2.Ter	10000	0.0000	0.0000
XM_006524787.I1.Ini	10000	0.0000	0.0000
XM_006524787.I1.Ter	10000	0.0000	0.0000
XM_011246461.I2.Ini	10000	0.0000	0.0000
XM_011246461.I2.Ter	10000	0.0000	0.0000
NM_007439.I1.Ini	10000	18.0067	1.8007
NM_007439.I1.Ter	10000	0.0000	0.0000
NM_007439.I3.Ini	10000	0.0000	0.0000
NM_007439.I3.Ter	10000	0.0000	0.0000
NM_007439.I4.Ini	10000	16.4061	1.6406
NM_007439.I4.Ter	10000	0.0000	0.0000
NM_007439.I5.Ini	10000	0.0000	0.0000
NM_007439.I5.Ter	10000	0.0000	0.0000
NM_007439.I11.Ini	10000	0.0000	0.0000
NM_007439.I11.Ter	10000	16.8063	1.6806
NM_001081071.I1.Ini	10000	0.0000	0.0000
NM_001081071.I1.Ter	10000	0.0000	0.0000
NM_001081071.I5.Ini	10000	0.0000	0.0000
NM_001081071.I5.Ter	10000	0.0000	0.0000
NM_027864.I1.Ini	10000	0.0000	0.0000
NM_027864.I1.Ter	10000	0.0000	0.0000
NM_027864.I2.Ini	10000	0.0000	0.0000
NM_027864.I2.Ter	10000	0.0000	0.0000
NM_053188.I1.Ini	10000	0.0000	0.0000
NM_053188.I1.Ter	10000	0.0000	0.0000
XM_006525109.I2.Ini	10000	0.0000	0.0000
XM_006525109.I2.Ter	10000	0.0000	0.0000
XM_006525025.I13.Ini	10000	17.7400	1.7740
XM_006525025.I13.Ter	10000	6.4024	0.6402
NM_019919.I2.Ini	10000	0.0000	0.0000
NM_019919.I2.Ter	10000	0.0000	0.0000
NM_019919.I3.Ini	10000	0.0000	0.0000
NM_019919.I3.Ter	10000	0.0000	0.0000
NM_019919.I4.Ini	10000	0.0000	0.0000
NM_019919.I4.Ter	10000	0.0000	0.0000
NM_019919.I5.Ini	10000	0.0000	0.0000
NM_019919.I5.Ter	10000	0.0000	0.0000
NM_019919.I7.Ini	10000	0.0000	0.0000
NM_019919.I7.Ter	10000	0.0000	0.0000
NM_019919.I24.Ini	10000	0.0000	0.0000
NM_019919.I24.Ter	10000	0.0000	0.0000
NM_019919.I31.Ini	10000	0.0000	0.0000
NM_019919.I31.Ter	10000	0.0000	0.0000
XM_006524271.I1.Ini	10000	0.0000	0.0000
XM_006524271.I1.Ter	10000	0.0000	0.0000
XM_006524601.I1.Ini	10000	0.0000	0.0000
XM_006524601.I1.Ter	10000	0.0000	0.0000
XM_006524601.I2.Ini	10000	0.0000	0.0000
XM_006524601.I2.Ter	10000	0.0000	0.0000
XM_006524601.I3.Ini	10000	0.0000	0.0000
XM_006524601.I3.Ter	10000	0.0000	0.0000
XM_006525028.I1.Ini	10000	0.0000	0.0000
XM_006525028.I1.Ter	10000	0.0000	0.0000
XR_001782251.I1.Ini	10000	0.0000	0.0000
XR_001782251.I1.Ter	10000	0.0000	0.0000
XR_001782251.I3.Ini	10000	0.0000	0.0000
XR_001782251.I3.Ter	10000	0.0000	0.0000
XM_006524357.I1.Ini	10000	0.0000	0.0000
XM_006524357.I1.Ter	10000	0.0000	0.0000
NM_029239.I2.Ini	10000	0.0000	0.0000
NM_029239.I2.Ter	10000	0.0000	0.0000
XR_876983.I1.Ini	10000	0.0000	0.0000
XR_876983.I1.Ter	10000	0.0000	0.0000
XM_006524498.I1.Ini	10000	0.0000	0.0000
XM_006524498.I1.Ter	10000	0.0000	0.0000
XM_006524498.I4.Ini	10000	0.0000	0.0000
XM_006524498.I4.Ter	10000	0.0000	0.0000
XR_876985.I1.Ini	10000	0.0000	0.0000
XR_876985.I1.Ter	10000	0.0000	0.0000
NM_176963.I4.Ini	10000	0.0000	0.0000
NM_176963.I4.Ter	10000	0.0000	0.0000
XM_006524512.I2.Ini	10000	0.0000	0.0000
XM_006524512.I2.Ter	10000	0.0000	0.0000
XM_006524512.I18.Ini	10000	0.0000	0.0000
XM_006524512.I18.Ter	10000	0.0000	0.0000
XM_006524198.I1.Ini	10000	0.0000	0.0000
XM_006524198.I1.Ter	10000	0.0000	0.0000
NR_131127.I1.Ini	10000	0.0000	0.0000
NR_131127.I1.Ter	10000	0.0000	0.0000
NM_026516.I1.Ini	10000	0.0000	0.0000
NM_026516.I1.Ter	10000	7.8696	0.7870
NM_001112798.I1.Ini	10000	0.0000	0.0000
NM_001112798.I1.Ter	10000	0.0000	0.0000
NM_001112798.I2.Ini	10000	0.0000	0.0000
NM_001112798.I2.Ter	10000	18.0067	1.8007
XR_877007.I2.Ini	10000	15.0056	1.5006
XR_877007.I2.Ter	10000	0.0000	0.0000
XR_877011.I4.Ini	10000	0.0000	0.0000
XR_877011.I4.Ter	10000	0.0000	0.0000
NR_045094.I2.Ini	10000	0.0000	0.0000
NR_045094.I2.Ter	10000	0.0000	0.0000
NM_001286567.I1.Ini	10000	0.0000	0.0000
NM_001286567.I1.Ter	10000	0.0000	0.0000
XM_006524200.I1.Ini	10000	0.0000	0.0000
XM_006524200.I1.Ter	10000	0.0000	0.0000
XM_006523511.I3.Ini	10000	0.0000	0.0000
XM_006523511.I3.Ter	10000	0.0000	0.0000
XR_385838.I1.Ini	10000	0.0000	0.0000
XR_385838.I1.Ter	10000	0.0000	0.0000
XM_006524274.I26.Ini	10000	0.0000	0.0000
XM_006524274.I26.Ter	10000	0.0000	0.0000
XM_006524274.I28.Ini	10000	0.0000	0.0000
XM_006524274.I28.Ter	10000	0.0000	0.0000
XM_006524274.I29.Ini	10000	0.0000	0.0000
XM_006524274.I29.Ter	10000	0.0000	0.0000
XM_006524274.I30.Ini	10000	0.0000	0.0000
XM_006524274.I30.Ter	10000	0.0000	0.0000
XM_006524274.I31.Ini	10000	0.0000	0.0000
XM_006524274.I31.Ter	10000	0.0000	0.0000
XM_006524274.I36.Ini	10000	0.0000	0.0000
XM_006524274.I36.Ter	10000	0.0000	0.0000
XR_877064.I2.Ini	10000	0.0000	0.0000
XR_877064.I2.Ter	10000	0.0000	0.0000
XM_017317382.I2.Ini	10000	0.0000	0.0000
XM_017317382.I2.Ter	10000	0.0000	0.0000
XR_877065.I2.Ini	10000	0.0000	0.0000
XR_877065.I2.Ter	10000	0.0000	0.0000
NR_027929.I2.Ini	10000	0.0000	0.0000
NR_027929.I2.Ter	10000	0.0000	0.0000
NM_001159497.I1.Ini	10000	0.0000	0.0000
NM_001159497.I1.Ter	10000	0.0000	0.0000
XM_006524992.I3.Ini	10000	0.0000	0.0000
XM_006524992.I3.Ter	10000	0.0000	0.0000
XM_006524992.I7.Ini	10000	17.7400	1.7740
XM_006524992.I7.Ter	10000	0.0000	0.0000
XM_011246335.I1.Ini	10000	14.9389	1.4939
XM_011246335.I1.Ter	10000	0.0000	0.0000
XR_877085.I4.Ini	10000	0.0000	0.0000
XR_877085.I4.Ter	10000	0.0000	0.0000
XM_011246728.I14.Ini	10000	0.0000	0.0000
XM_011246728.I14.Ter	10000	0.0000	0.0000
XM_011246728.I16.Ini	10000	7.2027	0.7203
XM_011246728.I16.Ter	10000	0.0000	0.0000
XM_017317328.I1.Ini	10000	7.3361	0.7336
XM_017317328.I1.Ter	10000	0.0000	0.0000
XM_017317328.I2.Ini	10000	0.0000	0.0000
XM_017317328.I2.Ter	10000	0.0000	0.0000
XM_017317328.I10.Ini	10000	0.0000	0.0000
XM_017317328.I10.Ter	10000	0.0000	0.0000
XM_017317328.I11.Ini	10000	0.0000	0.0000
XM_017317328.I11.Ter	10000	0.0000	0.0000
NM_010137.I1.Ini	10000	0.0000	0.0000
NM_010137.I1.Ter	10000	0.0000	0.0000
NM_145491.I2.Ini	10000	0.0667	0.0067
NM_145491.I2.Ter	10000	0.0000	0.0000
XM_006524674.I1.Ini	10000	0.0000	0.0000
XM_006524674.I1.Ter	10000	0.0000	0.0000
XM_006525072.I3.Ini	10000	0.0000	0.0000
XM_006525072.I3.Ter	10000	0.0000	0.0000
NM_199251.I1.Ini	10000	0.0000	0.0000
NM_199251.I1.Ter	10000	0.0000	0.0000
XM_006524203.I1.Ini	10000	7.8696	0.7870
XM_006524203.I1.Ter	10000	0.0000	0.0000
XR_385899.I1.Ini	10000	0.0000	0.0000
XR_385899.I1.Ter	10000	0.0000	0.0000
XR_877113.I1.Ini	10000	0.0000	0.0000
XR_877113.I1.Ter	10000	0.0000	0.0000
XR_877113.I3.Ini	10000	0.0000	0.0000
XR_877113.I3.Ter	10000	0.0000	0.0000
XR_877103.I1.Ini	10000	0.0000	0.0000
XR_877103.I1.Ter	10000	0.0000	0.0000
XR_877103.I2.Ini	10000	0.0000	0.0000
XR_877103.I2.Ter	10000	0.0000	0.0000
NM_180974.I1.Ini	10000	0.0000	0.0000
NM_180974.I1.Ter	10000	0.0000	0.0000
XM_006525113.I1.Ini	10000	0.0000	0.0000
XM_006525113.I1.Ter	10000	0.0000	0.0000
XM_011246310.I10.Ini	10000	0.0000	0.0000
XM_011246310.I10.Ter	10000	0.0000	0.0000
NM_013523.I1.Ini	10000	0.0000	0.0000
NM_013523.I1.Ter	10000	0.0000	0.0000
NM_013523.I2.Ini	10000	0.0000	0.0000
NM_013523.I2.Ter	10000	0.0000	0.0000
NM_013523.I4.Ini	10000	0.0000	0.0000
NM_013523.I4.Ter	10000	0.0000	0.0000
NM_177284.I2.Ini	10000	0.0000	0.0000
NM_177284.I2.Ter	10000	0.0000	0.0000
NM_177284.I4.Ini	10000	0.0000	0.0000
NM_177284.I4.Ter	10000	0.0000	0.0000
NM_177284.I6.Ini	10000	0.0000	0.0000
NM_177284.I6.Ter	10000	0.0000	0.0000
NM_177284.I10.Ini	10000	0.0000	0.0000
NM_177284.I10.Ter	10000	0.0000	0.0000
NM_177284.I13.Ini	10000	0.0000	0.0000
NM_177284.I13.Ter	10000	3.6013	0.3601
NM_177284.I15.Ini	10000	0.0000	0.0000
NM_177284.I15.Ter	10000	0.0000	0.0000
NM_177284.I16.Ini	10000	0.0000	0.0000
NM_177284.I16.Ter	10000	0.0000	0.0000
NM_177284.I17.Ini	10000	0.0000	0.0000
NM_177284.I17.Ter	10000	0.0000	0.0000
NM_177284.I19.Ini	10000	0.0000	0.0000
NM_177284.I19.Ter	10000	0.0000	0.0000
NM_177284.I20.Ini	10000	0.0000	0.0000
NM_177284.I20.Ter	10000	0.0000	0.0000
NR_045964.I3.Ini	10000	17.8733	1.7873
NR_045964.I3.Ter	10000	0.0000	0.0000
XM_006525576.I3.Ini	10000	0.0000	0.0000
XM_006525576.I3.Ter	10000	22.2750	2.2275
XM_006525576.I5.Ini	10000	14.2720	1.4272
XM_006525576.I5.Ter	10000	0.0000	0.0000
NR_033457.I1.Ini	10000	0.0000	0.0000
NR_033457.I1.Ter	10000	0.0000	0.0000
XM_006525904.I1.Ini	10000	0.0000	0.0000
XM_006525904.I1.Ter	10000	0.0000	0.0000
XM_006525904.I2.Ini	10000	0.0000	0.0000
XM_006525904.I2.Ter	10000	0.0000	0.0000
XR_877157.I1.Ini	10000	0.0000	0.0000
XR_877157.I1.Ter	10000	0.0000	0.0000
XM_006525789.I1.Ini	10000	0.0000	0.0000
XM_006525789.I1.Ter	10000	0.0000	0.0000
XM_006525789.I2.Ini	10000	0.0000	0.0000
XM_006525789.I2.Ter	10000	0.0000	0.0000
XM_006525905.I1.Ini	10000	9.6036	0.9604
XM_006525905.I1.Ter	10000	0.0000	0.0000
XM_006525905.I2.Ini	10000	0.0000	0.0000
XM_006525905.I2.Ter	10000	0.0000	0.0000
XM_006525905.I3.Ini	10000	0.0000	0.0000
XM_006525905.I3.Ter	10000	0.0000	0.0000
NR_033552.I3.Ini	10000	0.0000	0.0000
NR_033552.I3.Ter	10000	0.0000	0.0000
NR_033552.I6.Ini	10000	0.0000	0.0000
NR_033552.I6.Ter	10000	0.0000	0.0000
NM_011546.I1.Ini	10000	0.0000	0.0000
NM_011546.I1.Ter	10000	0.0000	0.0000
NM_011546.I2.Ini	10000	12.0045	1.2004
NM_011546.I2.Ter	10000	0.0000	0.0000
NM_029277.I3.Ini	10000	10.8040	1.0804
NM_029277.I3.Ter	10000	0.0000	0.0000
XR_877173.I1.Ini	10000	0.0000	0.0000
XR_877173.I1.Ter	10000	0.0000	0.0000
XR_877173.I2.Ini	10000	0.0000	0.0000
XR_877173.I2.Ter	10000	0.0000	0.0000
NM_007935.I1.Ini	10000	0.0000	0.0000
NM_007935.I1.Ter	10000	10.6706	1.0671
NM_177595.I5.Ini	10000	0.0000	0.0000
NM_177595.I5.Ter	10000	0.0000	0.0000
XR_001782498.I1.Ini	10000	0.0000	0.0000
XR_001782498.I1.Ter	10000	29.3776	2.9378
XM_006526311.I11.Ini	10000	0.0000	0.0000
XM_006526311.I11.Ter	10000	0.0000	0.0000
XM_006526311.I17.Ini	10000	0.0000	0.0000
XM_006526311.I17.Ter	10000	0.0000	0.0000
XM_006526311.I18.Ini	10000	0.0000	0.0000
XM_006526311.I18.Ter	10000	0.0000	0.0000
XM_006526311.I20.Ini	10000	0.0000	0.0000
XM_006526311.I20.Ter	10000	0.0000	0.0000
NM_001081287.I1.Ini	10000	0.0000	0.0000
NM_001081287.I1.Ter	10000	0.0000	0.0000
NM_001081287.I2.Ini	10000	0.0000	0.0000
NM_001081287.I2.Ter	10000	0.0000	0.0000
NM_001081287.I3.Ini	10000	0.0000	0.0000
NM_001081287.I3.Ter	10000	0.0000	0.0000
NM_001081287.I11.Ini	10000	0.0000	0.0000
NM_001081287.I11.Ter	10000	0.0000	0.0000
NM_001081287.I12.Ini	10000	0.0000	0.0000
NM_001081287.I12.Ter	10000	0.0000	0.0000
NM_001081287.I13.Ini	10000	0.0000	0.0000
NM_001081287.I13.Ter	10000	0.0000	0.0000
NM_001282093.I3.Ini	10000	21.4747	2.1475
NM_001282093.I3.Ter	10000	0.0000	0.0000
XR_386043.I1.Ini	10000	0.0000	0.0000
XR_386043.I1.Ter	10000	0.0000	0.0000
NM_026484.I1.Ini	10000	10.6706	1.0671
NM_026484.I1.Ter	10000	21.7414	2.1741
NM_026484.I3.Ini	10000	0.0000	0.0000
NM_026484.I3.Ter	10000	0.0000	0.0000
NM_130449.I2.Ini	10000	0.0000	0.0000
NM_130449.I2.Ter	10000	0.0000	0.0000
NM_009071.I1.Ini	10000	0.0000	0.0000
NM_009071.I1.Ter	10000	36322.6493	3632.2649
XM_006526068.I1.Ini	10000	24.6759	2.4676
XM_006526068.I1.Ter	10000	0.0000	0.0000
XR_385966.I3.Ini	10000	0.0000	0.0000
XR_385966.I3.Ter	10000	0.0000	0.0000
XR_385966.I4.Ini	10000	0.0000	0.0000
XR_385966.I4.Ter	10000	0.0000	0.0000
XR_386047.I2.Ini	10000	0.0000	0.0000
XR_386047.I2.Ter	10000	0.0000	0.0000
NM_001252495.I1.Ini	10000	0.0000	0.0000
NM_001252495.I1.Ter	10000	28.2772	2.8277
NM_001146287.I1.Ini	10000	19.8741	1.9874
NM_001146287.I1.Ter	10000	0.0000	0.0000
XM_011246967.I5.Ini	10000	0.0000	0.0000
XM_011246967.I5.Ter	10000	0.0000	0.0000
XM_011246967.I12.Ini	10000	0.0000	0.0000
XM_011246967.I12.Ter	10000	0.0000	0.0000
XM_006525685.I1.Ini	10000	0.0000	0.0000
XM_006525685.I1.Ter	10000	7.8696	0.7870
XM_006525685.I2.Ini	10000	0.0000	0.0000
XM_006525685.I2.Ter	10000	0.0000	0.0000
NM_028341.I1.Ini	10000	0.0000	0.0000
NM_028341.I1.Ter	10000	0.0000	0.0000
NM_028341.I6.Ini	10000	0.0000	0.0000
NM_028341.I6.Ter	10000	0.0000	0.0000
XM_006526143.I14.Ini	10000	0.0000	0.0000
XM_006526143.I14.Ter	10000	0.0000	0.0000
XM_006526143.I15.Ini	10000	0.0000	0.0000
XM_006526143.I15.Ter	10000	0.0000	0.0000
XM_006526143.I16.Ini	10000	0.0000	0.0000
XM_006526143.I16.Ter	10000	0.0000	0.0000
XR_877193.I2.Ini	10000	0.0000	0.0000
XR_877193.I2.Ter	10000	0.0000	0.0000
XM_011246894.I2.Ini	10000	0.0000	0.0000
XM_011246894.I2.Ter	10000	0.0000	0.0000
XM_011246894.I3.Ini	10000	0.0000	0.0000
XM_011246894.I3.Ter	10000	0.0000	0.0000
XM_011246894.I4.Ini	10000	0.0000	0.0000
XM_011246894.I4.Ter	10000	0.0000	0.0000
XM_011246894.I5.Ini	10000	0.0000	0.0000
XM_011246894.I5.Ter	10000	0.0000	0.0000
XM_011246894.I7.Ini	10000	0.0000	0.0000
XM_011246894.I7.Ter	10000	0.0000	0.0000
NR_045373.I2.Ini	10000	0.0000	0.0000
NR_045373.I2.Ter	10000	0.0000	0.0000
XM_006526293.I4.Ini	10000	0.0000	0.0000
XM_006526293.I4.Ter	10000	0.0000	0.0000
XR_877141.I14.Ini	10000	11.0708	1.1071
XR_877141.I14.Ter	10000	0.0000	0.0000
NM_134112.I1.Ini	10000	0.0000	0.0000
NM_134112.I1.Ter	10000	0.0000	0.0000
NM_134112.I2.Ini	10000	14.6721	1.4672
NM_134112.I2.Ter	10000	0.0000	0.0000
NR_045372.I3.Ini	10000	0.0000	0.0000
NR_045372.I3.Ter	10000	0.0000	0.0000
NM_199055.I1.Ini	10000	0.0000	0.0000
NM_199055.I1.Ter	10000	0.0000	0.0000
NM_199055.I2.Ini	10000	0.0000	0.0000
NM_199055.I2.Ter	10000	0.0000	0.0000
NM_199055.I3.Ini	10000	0.0000	0.0000
NM_199055.I3.Ter	10000	0.0000	0.0000
XR_386087.I1.Ini	10000	0.0000	0.0000
XR_386087.I1.Ter	10000	0.0000	0.0000
XR_386087.I2.Ini	10000	0.0000	0.0000
XR_386087.I2.Ter	10000	0.0000	0.0000
XR_386088.I2.Ini	10000	0.0000	0.0000
XR_386088.I2.Ter	10000	0.0000	0.0000
NM_007664.I1.Ini	10000	0.0000	0.0000
NM_007664.I1.Ter	10000	5.6021	0.5602
NM_007664.I2.Ini	10000	28.0105	2.8010
NM_007664.I2.Ter	10000	18.5403	1.8540
NM_007664.I14.Ini	10000	0.0000	0.0000
NM_007664.I14.Ter	10000	0.0000	0.0000
NR_130158.I4.Ini	10000	0.0000	0.0000
NR_130158.I4.Ter	10000	0.0000	0.0000
XR_386094.I1.Ini	10000	0.0000	0.0000
XR_386094.I1.Ter	10000	0.0000	0.0000
XR_386096.I4.Ini	10000	0.0000	0.0000
XR_386096.I4.Ter	10000	0.0000	0.0000
XR_386098.I1.Ini	10000	0.0000	0.0000
XR_386098.I1.Ter	10000	0.0000	0.0000
NM_026301.I1.Ini	10000	0.0000	0.0000
NM_026301.I1.Ter	10000	0.0000	0.0000
NM_001033445.I1.Ini	10000	44.1498	4.4150
NM_001033445.I1.Ter	10000	0.0000	0.0000
NM_001033445.I2.Ini	10000	8.8033	0.8803
NM_001033445.I2.Ter	10000	0.0000	0.0000
XR_877209.I1.Ini	10000	0.0000	0.0000
XR_877209.I1.Ter	10000	0.0000	0.0000
XR_877209.I2.Ini	10000	0.0000	0.0000
XR_877209.I2.Ter	10000	0.0000	0.0000
XR_877209.I5.Ini	10000	0.0000	0.0000
XR_877209.I5.Ter	10000	0.0000	0.0000
XM_006525823.I1.Ini	10000	0.0000	0.0000
XM_006525823.I1.Ter	10000	0.0000	0.0000
XM_006525823.I2.Ini	10000	0.0000	0.0000
XM_006525823.I2.Ter	10000	0.0000	0.0000
XM_006525823.I3.Ini	10000	0.0000	0.0000
XM_006525823.I3.Ter	10000	0.0000	0.0000
NM_027616.I12.Ini	10000	0.0000	0.0000
NM_027616.I12.Ter	10000	0.0000	0.0000
NM_027616.I14.Ini	10000	0.0000	0.0000
NM_027616.I14.Ter	10000	0.0000	0.0000
NM_027616.I20.Ini	10000	0.0000	0.0000
NM_027616.I20.Ter	10000	0.0000	0.0000
NM_027616.I21.Ini	10000	0.0000	0.0000
NM_027616.I21.Ter	10000	0.0000	0.0000
NM_027616.I22.Ini	10000	0.0000	0.0000
NM_027616.I22.Ter	10000	0.0000	0.0000
XM_006525739.I1.Ini	10000	0.0000	0.0000
XM_006525739.I1.Ter	10000	0.0000	0.0000
XM_006525739.I3.Ini	10000	0.0000	0.0000
XM_006525739.I3.Ter	10000	0.0000	0.0000
XM_006525739.I5.Ini	10000	0.0000	0.0000
XM_006525739.I5.Ter	10000	0.0000	0.0000
XM_006525739.I9.Ini	10000	0.0000	0.0000
XM_006525739.I9.Ter	10000	0.0000	0.0000
XM_006525998.I1.Ini	10000	0.0000	0.0000
XM_006525998.I1.Ter	10000	0.0000	0.0000
XM_006525998.I2.Ini	10000	0.0000	0.0000
XM_006525998.I2.Ter	10000	0.0000	0.0000
XM_006525998.I5.Ini	10000	0.0000	0.0000
XM_006525998.I5.Ter	10000	0.0000	0.0000
XM_006525998.I6.Ini	10000	0.0000	0.0000
XM_006525998.I6.Ter	10000	0.0000	0.0000
XM_006525998.I8.Ini	10000	0.0000	0.0000
XM_006525998.I8.Ter	10000	0.0000	0.0000
XM_006525998.I9.Ini	10000	0.0000	0.0000
XM_006525998.I9.Ter	10000	0.0000	0.0000
NM_001285813.I1.Ini	10000	0.0000	0.0000
NM_001285813.I1.Ter	10000	0.0000	0.0000
NM_001285813.I2.Ini	10000	0.0000	0.0000
NM_001285813.I2.Ter	10000	0.0000	0.0000
NM_001285813.I4.Ini	10000	0.0000	0.0000
NM_001285813.I4.Ter	10000	0.0000	0.0000
NM_001162942.I1.Ini	10000	0.0000	0.0000
NM_001162942.I1.Ter	10000	0.0000	0.0000
NM_001162942.I2.Ini	10000	0.0000	0.0000
NM_001162942.I2.Ter	10000	0.0000	0.0000
NM_001162942.I3.Ini	10000	17.0730	1.7073
NM_001162942.I3.Ter	10000	0.0000	0.0000
NM_013814.I1.Ini	10000	33.2124	3.3212
NM_013814.I1.Ter	10000	12.6714	1.2671
XR_877231.I1.Ini	10000	0.0000	0.0000
XR_877231.I1.Ter	10000	0.0000	0.0000
XM_006525826.I1.Ini	10000	0.0000	0.0000
XM_006525826.I1.Ter	10000	0.0000	0.0000
XM_006525826.I3.Ini	10000	0.0000	0.0000
XM_006525826.I3.Ter	10000	0.0000	0.0000
XM_006525826.I5.Ini	10000	0.0000	0.0000
XM_006525826.I5.Ter	10000	0.0000	0.0000
XM_006525826.I13.Ini	10000	0.0000	0.0000
XM_006525826.I13.Ter	10000	0.0000	0.0000
XM_006525833.I4.Ini	10000	0.0000	0.0000
XM_006525833.I4.Ter	10000	0.0000	0.0000
XM_006525833.I5.Ini	10000	0.0000	0.0000
XM_006525833.I5.Ter	10000	0.0000	0.0000
XM_006525833.I6.Ini	10000	0.0000	0.0000
XM_006525833.I6.Ter	10000	0.0000	0.0000
XM_006525833.I7.Ini	10000	0.0000	0.0000
XM_006525833.I7.Ter	10000	0.0000	0.0000
XM_006525833.I9.Ini	10000	0.0000	0.0000
XM_006525833.I9.Ter	10000	0.0000	0.0000
XR_001782422.I1.Ini	10000	0.0000	0.0000
XR_001782422.I1.Ter	10000	0.0000	0.0000
XM_017317801.I1.Ini	10000	0.0000	0.0000
XM_017317801.I1.Ter	10000	0.0000	0.0000
XM_017317801.I2.Ini	10000	0.1334	0.0133
XM_017317801.I2.Ter	10000	0.0000	0.0000
XM_017317801.I3.Ini	10000	0.0000	0.0000
XM_017317801.I3.Ter	10000	0.0000	0.0000
XR_386112.I2.Ini	10000	0.0000	0.0000
XR_386112.I2.Ter	10000	0.0000	0.0000
XR_877236.I2.Ini	10000	0.0000	0.0000
XR_877236.I2.Ter	10000	0.0000	0.0000
XR_877236.I3.Ini	10000	0.0000	0.0000
XR_877236.I3.Ter	10000	0.0000	0.0000
XR_877236.I7.Ini	10000	0.0000	0.0000
XR_877236.I7.Ter	10000	0.0000	0.0000
XR_877236.I8.Ini	10000	0.0000	0.0000
XR_877236.I8.Ter	10000	0.0000	0.0000
XR_877236.I11.Ini	10000	12.5380	1.2538
XR_877236.I11.Ter	10000	0.0000	0.0000
XR_877254.I1.Ini	10000	0.0000	0.0000
XR_877254.I1.Ter	10000	0.0000	0.0000
XR_386127.I1.Ini	10000	0.0000	0.0000
XR_386127.I1.Ter	10000	0.0000	0.0000
XR_877258.I4.Ini	10000	0.0000	0.0000
XR_877258.I4.Ter	10000	0.0000	0.0000
NR_045398.I1.Ini	10000	0.0000	0.0000
NR_045398.I1.Ter	10000	0.0000	0.0000
NR_045398.I2.Ini	10000	0.0000	0.0000
NR_045398.I2.Ter	10000	0.0000	0.0000
NR_045398.I3.Ini	10000	0.0000	0.0000
NR_045398.I3.Ter	10000	0.0000	0.0000
NR_045398.I4.Ini	10000	0.0000	0.0000
NR_045398.I4.Ter	10000	0.0000	0.0000
XR_001782529.I5.Ini	10000	0.0000	0.0000
XR_001782529.I5.Ter	10000	0.0000	0.0000
NR_045391.I1.Ini	10000	0.0000	0.0000
NR_045391.I1.Ter	10000	0.0000	0.0000
NR_045391.I7.Ini	10000	0.0000	0.0000
NR_045391.I7.Ter	10000	0.0000	0.0000
XR_386140.I2.Ini	10000	0.0000	0.0000
XR_386140.I2.Ter	10000	0.0000	0.0000
NM_009065.I1.Ini	10000	0.0000	0.0000
NM_009065.I1.Ter	10000	0.0000	0.0000
NM_009065.I2.Ini	10000	0.0000	0.0000
NM_009065.I2.Ter	10000	0.0000	0.0000
NM_009065.I3.Ini	10000	0.0000	0.0000
NM_009065.I3.Ter	10000	0.0000	0.0000
NM_009065.I4.Ini	10000	0.0000	0.0000
NM_009065.I4.Ter	10000	0.0000	0.0000
NM_028866.I1.Ini	10000	15.2057	1.5206
NM_028866.I1.Ter	10000	9.0701	0.9070
NM_028866.I7.Ini	10000	0.0000	0.0000
NM_028866.I7.Ter	10000	0.0000	0.0000
NM_011946.I1.Ini	10000	20.2742	2.0274
NM_011946.I1.Ter	10000	0.0000	0.0000
XM_006525978.I1.Ini	10000	0.0000	0.0000
XM_006525978.I1.Ter	10000	0.0000	0.0000
XM_006526273.I1.Ini	10000	0.0000	0.0000
XM_006526273.I1.Ter	10000	0.0000	0.0000
NR_045381.I2.Ini	10000	0.0000	0.0000
NR_045381.I2.Ter	10000	0.0000	0.0000
NR_045381.I4.Ini	10000	0.0000	0.0000
NR_045381.I4.Ter	10000	0.0000	0.0000
XM_006525544.I4.Ini	10000	0.0000	0.0000
XM_006525544.I4.Ter	10000	0.0000	0.0000
XM_006525544.I5.Ini	10000	0.0000	0.0000
XM_006525544.I5.Ter	10000	0.0000	0.0000
XM_006525544.I8.Ini	10000	0.0000	0.0000
XM_006525544.I8.Ter	10000	0.0000	0.0000
XR_001782548.I1.Ini	10000	0.0000	0.0000
XR_001782548.I1.Ter	10000	0.0000	0.0000
XM_006525628.I2.Ini	10000	0.0000	0.0000
XM_006525628.I2.Ter	10000	0.0000	0.0000
XM_006525628.I3.Ini	10000	0.0000	0.0000
XM_006525628.I3.Ter	10000	0.0000	0.0000
XM_006525628.I13.Ini	10000	0.0000	0.0000
XM_006525628.I13.Ter	10000	0.0000	0.0000
XM_006525628.I18.Ini	10000	0.0000	0.0000
XM_006525628.I18.Ter	10000	0.0000	0.0000
XM_006525529.I1.Ini	10000	7.8696	0.7870
XM_006525529.I1.Ter	10000	23.8756	2.3876
XM_006525849.I1.Ini	10000	0.0000	0.0000
XM_006525849.I1.Ter	10000	27.7437	2.7744
XR_877303.I2.Ini	10000	0.0000	0.0000
XR_877303.I2.Ter	10000	0.0000	0.0000
NM_009818.I1.Ini	10000	0.0000	0.0000
NM_009818.I1.Ter	10000	0.0000	0.0000
NM_009818.I7.Ini	10000	0.0667	0.0067
NM_009818.I7.Ter	10000	0.0000	0.0000
NM_030749.I1.Ini	10000	0.0000	0.0000
NM_030749.I1.Ter	10000	0.0000	0.0000
NM_030749.I2.Ini	10000	11.3376	1.1338
NM_030749.I2.Ter	10000	0.0000	0.0000
NM_030749.I3.Ini	10000	0.0000	0.0000
NM_030749.I3.Ter	10000	11.0708	1.1071
NM_030749.I7.Ini	10000	0.0000	0.0000
NM_030749.I7.Ter	10000	0.0000	0.0000
NM_019912.I1.Ini	10000	39.7482	3.9748
NM_019912.I1.Ter	10000	0.0000	0.0000
XM_006526180.I1.Ini	10000	23.7422	2.3742
XM_006526180.I1.Ter	10000	13.7385	1.3738
XM_006525461.I1.Ini	10000	0.0000	0.0000
XM_006525461.I1.Ter	10000	0.0000	0.0000
NM_001081365.I2.Ini	10000	0.0000	0.0000
NM_001081365.I2.Ter	10000	0.0000	0.0000
NM_026027.I3.Ini	10000	10.6706	1.0671
NM_026027.I3.Ter	10000	0.0000	0.0000
NM_054072.I1.Ini	10000	8.2698	0.8270
NM_054072.I1.Ter	10000	21.0745	2.1075
NM_054072.I3.Ini	10000	12.2712	1.2271
NM_054072.I3.Ter	10000	0.2668	0.0267
NM_198117.I1.Ini	10000	0.0000	0.0000
NM_198117.I1.Ter	10000	21.0745	2.1075
NM_198117.I3.Ini	10000	12.2712	1.2271
NM_198117.I3.Ter	10000	0.2668	0.0267
NM_138662.I1.Ini	10000	0.0000	0.0000
NM_138662.I1.Ter	10000	21.0745	2.1075
NM_138662.I3.Ini	10000	12.2712	1.2271
NM_138662.I3.Ter	10000	0.2668	0.0267
NM_001174154.I1.Ini	10000	9.2034	0.9203
NM_001174154.I1.Ter	10000	0.0000	0.0000
NM_007766.I1.Ini	10000	9.2034	0.9203
NM_007766.I1.Ter	10000	21.0745	2.1075
NM_007766.I3.Ini	10000	12.2712	1.2271
NM_007766.I3.Ter	10000	0.2668	0.0267
NM_009959.I1.Ini	10000	0.0000	0.0000
NM_009959.I1.Ter	10000	21.0745	2.1075
NM_009959.I3.Ini	10000	12.2712	1.2271
NM_009959.I3.Ter	10000	0.2668	0.0267
NM_001301256.I1.Ini	10000	0.0000	0.0000
NM_001301256.I1.Ter	10000	0.0000	0.0000
NM_007767.I1.Ini	10000	0.0000	0.0000
NM_007767.I1.Ter	10000	21.0745	2.1075
NM_007767.I3.Ini	10000	12.2712	1.2271
NM_007767.I3.Ter	10000	0.2668	0.0267
NM_001301259.I1.Ini	10000	0.0000	0.0000
NM_001301259.I1.Ter	10000	0.0000	0.0000
NM_009957.I1.Ini	10000	0.0000	0.0000
NM_009957.I1.Ter	10000	21.0745	2.1075
NM_009957.I3.Ini	10000	12.2712	1.2271
NM_009957.I3.Ter	10000	0.2668	0.0267
NM_201243.I1.Ini	10000	79.7631	7.9763
NM_201243.I1.Ter	10000	21.0745	2.1075
NM_201243.I3.Ini	10000	12.2712	1.2271
NM_201243.I3.Ter	10000	0.2668	0.0267
NM_138661.I1.Ini	10000	10.0037	1.0004
NM_138661.I1.Ter	10000	21.0745	2.1075
NM_138661.I3.Ini	10000	12.2712	1.2271
NM_138661.I3.Ter	10000	0.2668	0.0267
NM_009961.I1.Ini	10000	42.0157	4.2016
NM_009961.I1.Ter	10000	21.0745	2.1075
NM_009961.I3.Ini	10000	12.2712	1.2271
NM_009961.I3.Ter	10000	0.2668	0.0267
NM_009960.I1.Ini	10000	35.7467	3.5747
NM_009960.I1.Ter	10000	21.0745	2.1075
NM_009960.I3.Ini	10000	12.2712	1.2271
NM_009960.I3.Ter	10000	0.2668	0.0267
NM_138663.I1.Ini	10000	0.0000	0.0000
NM_138663.I1.Ter	10000	21.0745	2.1075
NM_138663.I3.Ini	10000	12.2712	1.2271
NM_138663.I3.Ter	10000	0.2668	0.0267
NM_001003671.I1.Ini	10000	0.0000	0.0000
NM_001003671.I1.Ter	10000	21.0745	2.1075
NM_001003671.I3.Ini	10000	12.2712	1.2271
NM_001003671.I3.Ter	10000	0.2668	0.0267
NM_001003672.I3.Ini	10000	12.2712	1.2271
NM_001003672.I3.Ter	10000	0.2668	0.0267
NM_033584.I1.Ini	10000	0.0000	0.0000
NM_033584.I1.Ter	10000	0.0000	0.0000
NM_033585.I1.Ini	10000	46.8175	4.6817
NM_033585.I1.Ter	10000	0.0000	0.0000
NM_033586.I1.Ini	10000	133.0719	13.3072
NM_033586.I1.Ter	10000	0.0000	0.0000
NM_033574.I1.Ini	10000	54.5092	5.4509
NM_033574.I1.Ter	10000	0.0000	0.0000
NM_033587.I1.Ini	10000	54.5092	5.4509
NM_033587.I1.Ter	10000	0.0000	0.0000
NM_033575.I1.Ini	10000	0.0000	0.0000
NM_033575.I1.Ter	10000	0.0000	0.0000
NM_033588.I1.Ini	10000	0.0000	0.0000
NM_033588.I1.Ter	10000	0.0000	0.0000
NM_033589.I1.Ini	10000	0.0000	0.0000
NM_033589.I1.Ter	10000	0.0000	0.0000
NM_033590.I1.Ini	10000	47.2176	4.7218
NM_033590.I1.Ter	10000	0.0000	0.0000
NM_033576.I1.Ini	10000	0.0000	0.0000
NM_033576.I1.Ter	10000	0.0000	0.0000
NM_033591.I1.Ini	10000	18.0067	1.8007
NM_033591.I1.Ter	10000	0.0000	0.0000
NM_033577.I1.Ini	10000	18.0067	1.8007
NM_033577.I1.Ter	10000	0.0000	0.0000
NM_033592.I1.Ini	10000	0.0000	0.0000
NM_033592.I1.Ter	10000	0.0000	0.0000
NM_033578.I1.Ini	10000	10.9374	1.0937
NM_033578.I1.Ter	10000	0.0000	0.0000
NM_033593.I1.Ini	10000	10.9374	1.0937
NM_033593.I1.Ter	10000	0.0000	0.0000
NM_033579.I1.Ini	10000	100.5709	10.0571
NM_033579.I1.Ter	10000	0.0000	0.0000
NM_033594.I1.Ini	10000	100.8376	10.0838
NM_033594.I1.Ter	10000	0.0000	0.0000
NM_033580.I1.Ini	10000	0.0000	0.0000
NM_033580.I1.Ter	10000	0.0000	0.0000
NM_033595.I1.Ini	10000	0.0000	0.0000
NM_033595.I1.Ter	10000	0.0000	0.0000
NM_007858.I1.Ini	10000	0.0000	0.0000
NM_007858.I1.Ter	10000	0.0000	0.0000
NM_007858.I17.Ini	10000	0.0000	0.0000
NM_007858.I17.Ter	10000	0.0000	0.0000
XR_877327.I2.Ini	10000	0.0000	0.0000
XR_877327.I2.Ter	10000	0.0000	0.0000
XR_877327.I3.Ini	10000	0.0000	0.0000
XR_877327.I3.Ter	10000	0.0000	0.0000
XR_877324.I2.Ini	10000	0.0000	0.0000
XR_877324.I2.Ter	10000	0.0000	0.0000
XM_006526149.I1.Ini	10000	0.0000	0.0000
XM_006526149.I1.Ter	10000	0.0000	0.0000
XM_017317989.I1.Ini	10000	12.2712	1.2271
XM_017317989.I1.Ter	10000	0.0000	0.0000
XM_017317989.I2.Ini	10000	0.0000	0.0000
XM_017317989.I2.Ter	10000	0.0000	0.0000
XM_017317989.I3.Ini	10000	0.0000	0.0000
XM_017317989.I3.Ter	10000	0.0000	0.0000
XM_017317989.I4.Ini	10000	0.0000	0.0000
XM_017317989.I4.Ter	10000	0.0000	0.0000
XM_017317989.I14.Ini	10000	0.0000	0.0000
XM_017317989.I14.Ter	10000	0.0000	0.0000
XM_017317989.I15.Ini	10000	43.4829	4.3483
XM_017317989.I15.Ter	10000	0.0000	0.0000
XM_017317989.I20.Ini	10000	35.2131	3.5213
XM_017317989.I20.Ter	10000	0.0000	0.0000
XM_017317989.I23.Ini	10000	0.0000	0.0000
XM_017317989.I23.Ter	10000	4.6684	0.4668
XM_017317831.I2.Ini	10000	0.0000	0.0000
XM_017317831.I2.Ter	10000	0.0000	0.0000
XM_017317952.I1.Ini	10000	0.0000	0.0000
XM_017317952.I1.Ter	10000	0.0000	0.0000
XM_017317952.I2.Ini	10000	0.0000	0.0000
XM_017317952.I2.Ter	10000	0.0000	0.0000
XM_006525662.I1.Ini	10000	0.0000	0.0000
XM_006525662.I1.Ter	10000	0.0000	0.0000
XM_006525662.I2.Ini	10000	0.0000	0.0000
XM_006525662.I2.Ter	10000	0.2668	0.0267
XR_877346.I2.Ini	10000	0.0000	0.0000
XR_877346.I2.Ter	10000	0.0000	0.0000
XR_877346.I3.Ini	10000	0.0000	0.0000
XR_877346.I3.Ter	10000	0.0000	0.0000
XM_017317937.I2.Ini	10000	0.0000	0.0000
XM_017317937.I2.Ter	10000	0.0000	0.0000
XR_877351.I2.Ini	10000	14.9389	1.4939
XR_877351.I2.Ter	10000	0.0000	0.0000
NM_029942.I4.Ini	10000	0.0000	0.0000
NM_029942.I4.Ter	10000	0.0000	0.0000
NM_029942.I5.Ini	10000	0.0000	0.0000
NM_029942.I5.Ter	10000	0.0000	0.0000
NM_001146299.I1.Ini	10000	0.0000	0.0000
NM_001146299.I1.Ter	10000	0.0000	0.0000
NM_001146299.I4.Ini	10000	0.0000	0.0000
NM_001146299.I4.Ter	10000	0.0000	0.0000
XR_386193.I1.Ini	10000	0.0000	0.0000
XR_386193.I1.Ter	10000	0.0000	0.0000
NM_028392.I1.Ini	10000	0.0000	0.0000
NM_028392.I1.Ter	10000	0.0000	0.0000
NM_028392.I4.Ini	10000	0.0000	0.0000
NM_028392.I4.Ter	10000	0.0000	0.0000
NM_028392.I6.Ini	10000	0.0000	0.0000
NM_028392.I6.Ter	10000	21.3413	2.1341
XR_001782437.I3.Ini	10000	0.0000	0.0000
XR_001782437.I3.Ter	10000	0.0000	0.0000
NM_178749.I2.Ini	10000	11.0708	1.1071
NM_178749.I2.Ter	10000	0.0000	0.0000
NM_178749.I5.Ini	10000	45.0835	4.5083
NM_178749.I5.Ter	10000	0.0000	0.0000
NM_001291455.I1.Ini	10000	30.8115	3.0811
NM_001291455.I1.Ter	10000	0.0000	0.0000
XR_877369.I2.Ini	10000	0.0000	0.0000
XR_877369.I2.Ter	10000	0.0000	0.0000
XM_006526338.I1.Ini	10000	0.0000	0.0000
XM_006526338.I1.Ter	10000	0.0000	0.0000
XR_877370.I1.Ini	10000	0.0000	0.0000
XR_877370.I1.Ter	10000	0.0000	0.0000
NM_001085373.I1.Ini	10000	0.0000	0.0000
NM_001085373.I1.Ter	10000	0.0000	0.0000
NM_001085373.I2.Ini	10000	0.0000	0.0000
NM_001085373.I2.Ter	10000	0.0000	0.0000
NM_001085373.I3.Ini	10000	0.0000	0.0000
NM_001085373.I3.Ter	10000	0.0000	0.0000
XR_386198.I1.Ini	10000	0.0000	0.0000
XR_386198.I1.Ter	10000	0.0000	0.0000
NM_001312905.I1.Ini	10000	0.0000	0.0000
NM_001312905.I1.Ter	10000	4.6017	0.4602
NM_001312905.I2.Ini	10000	0.0000	0.0000
NM_001312905.I2.Ter	10000	0.0000	0.0000
NM_001312905.I5.Ini	10000	0.0000	0.0000
NM_001312905.I5.Ter	10000	0.0000	0.0000
NM_001312905.I6.Ini	10000	0.0000	0.0000
NM_001312905.I6.Ter	10000	0.0000	0.0000
XR_877374.I3.Ini	10000	0.0000	0.0000
XR_877374.I3.Ter	10000	0.0000	0.0000
NR_040342.I2.Ini	10000	0.0000	0.0000
NR_040342.I2.Ter	10000	0.0000	0.0000
NR_040342.I3.Ini	10000	0.0000	0.0000
NR_040342.I3.Ter	10000	0.0000	0.0000
XR_001782500.I2.Ini	10000	0.0000	0.0000
XR_001782500.I2.Ter	10000	42.0824	4.2082
NM_001303015.I3.Ini	10000	0.0000	0.0000
NM_001303015.I3.Ter	10000	18.9404	1.8940
XM_017317999.I1.Ini	10000	0.0000	0.0000
XM_017317999.I1.Ter	10000	0.0000	0.0000
XM_006526224.I4.Ini	10000	37.3473	3.7347
XM_006526224.I4.Ter	10000	0.0000	0.0000
XM_006526224.I5.Ini	10000	0.0000	0.0000
XM_006526224.I5.Ter	10000	0.0000	0.0000
XM_006526224.I6.Ini	10000	0.0000	0.0000
XM_006526224.I6.Ter	10000	0.0000	0.0000
XM_006525726.I1.Ini	10000	7.3361	0.7336
XM_006525726.I1.Ter	10000	0.0000	0.0000
XM_006525726.I19.Ini	10000	0.0000	0.0000
XM_006525726.I19.Ter	10000	0.0000	0.0000
NR_033454.I1.Ini	10000	0.0000	0.0000
NR_033454.I1.Ter	10000	0.0000	0.0000
XR_386211.I1.Ini	10000	0.0000	0.0000
XR_386211.I1.Ter	10000	0.0000	0.0000
XR_386213.I1.Ini	10000	0.0000	0.0000
XR_386213.I1.Ter	10000	0.0000	0.0000
NR_045404.I2.Ini	10000	0.0000	0.0000
NR_045404.I2.Ter	10000	0.0000	0.0000
NR_045404.I3.Ini	10000	0.0000	0.0000
NR_045404.I3.Ter	10000	0.0000	0.0000
XR_877387.I1.Ini	10000	0.0000	0.0000
XR_877387.I1.Ter	10000	0.0000	0.0000
XR_877387.I2.Ini	10000	3.4680	0.3468
XR_877387.I2.Ter	10000	0.0000	0.0000
XR_386214.I1.Ini	10000	0.0000	0.0000
XR_386214.I1.Ter	10000	0.0000	0.0000
NM_001170960.I1.Ini	10000	0.0000	0.0000
NM_001170960.I1.Ter	10000	0.0000	0.0000
NM_001170960.I2.Ini	10000	0.0000	0.0000
NM_001170960.I2.Ter	10000	0.0000	0.0000
NM_001177759.I1.Ini	10000	0.0000	0.0000
NM_001177759.I1.Ter	10000	0.0000	0.0000
NM_001081224.I1.Ini	10000	0.0000	0.0000
NM_001081224.I1.Ter	10000	0.0000	0.0000
NM_001199151.I1.Ini	10000	0.0000	0.0000
NM_001199151.I1.Ter	10000	0.0000	0.0000
XM_006526220.I1.Ini	10000	0.0000	0.0000
XM_006526220.I1.Ter	10000	0.0000	0.0000
XM_006526220.I3.Ini	10000	0.0000	0.0000
XM_006526220.I3.Ter	10000	0.0000	0.0000
XM_017317889.I3.Ini	10000	0.0000	0.0000
XM_017317889.I3.Ter	10000	0.0000	0.0000
NR_040349.I1.Ini	10000	0.0000	0.0000
NR_040349.I1.Ter	10000	0.0000	0.0000
NM_152809.I1.Ini	10000	0.0000	0.0000
NM_152809.I1.Ter	10000	0.0000	0.0000
NR_040338.I1.Ini	10000	0.0000	0.0000
NR_040338.I1.Ter	10000	0.0000	0.0000
NR_045400.I1.Ini	10000	0.0000	0.0000
NR_045400.I1.Ter	10000	0.0000	0.0000
XM_006525957.I2.Ini	10000	0.0000	0.0000
XM_006525957.I2.Ter	10000	0.0000	0.0000
XM_006525957.I3.Ini	10000	9.8703	0.9870
XM_006525957.I3.Ter	10000	12.9382	1.2938
XR_877419.I1.Ini	10000	0.0000	0.0000
XR_877419.I1.Ter	10000	0.0000	0.0000
XR_877419.I4.Ini	10000	0.0000	0.0000
XR_877419.I4.Ter	10000	0.0000	0.0000
XR_877419.I10.Ini	10000	0.0000	0.0000
XR_877419.I10.Ter	10000	0.0000	0.0000
XR_386249.I1.Ini	10000	0.0000	0.0000
XR_386249.I1.Ter	10000	0.0000	0.0000
XR_877438.I1.Ini	10000	0.0000	0.0000
XR_877438.I1.Ter	10000	0.0000	0.0000
XM_011246800.I1.Ini	10000	0.0000	0.0000
XM_011246800.I1.Ter	10000	0.0000	0.0000
NM_177115.I1.Ini	10000	0.0000	0.0000
NM_177115.I1.Ter	10000	12.8048	1.2805
NM_177115.I3.Ini	10000	0.0000	0.0000
NM_177115.I3.Ter	10000	0.0000	0.0000
NM_177115.I4.Ini	10000	18.0067	1.8007
NM_177115.I4.Ter	10000	0.0000	0.0000
NM_001001979.I1.Ini	10000	0.0000	0.0000
NM_001001979.I1.Ter	10000	0.0000	0.0000
NM_001001979.I4.Ini	10000	0.0000	0.0000
NM_001001979.I4.Ter	10000	0.0000	0.0000
NM_001001979.I5.Ini	10000	0.0000	0.0000
NM_001001979.I5.Ter	10000	0.0000	0.0000
NR_015541.I1.Ini	10000	0.0000	0.0000
NR_015541.I1.Ter	10000	0.0000	0.0000
NM_001311063.I2.Ini	10000	0.0000	0.0000
NM_001311063.I2.Ter	10000	0.0000	0.0000
NM_001311063.I3.Ini	10000	0.0000	0.0000
NM_001311063.I3.Ter	10000	0.0000	0.0000
NM_001311063.I5.Ini	10000	0.0000	0.0000
NM_001311063.I5.Ter	10000	0.0000	0.0000
NM_010181.I5.Ini	10000	0.0000	0.0000
NM_010181.I5.Ter	10000	0.0000	0.0000
NM_010181.I7.Ini	10000	0.0000	0.0000
NM_010181.I7.Ter	10000	0.0000	0.0000
XM_006525919.I2.Ini	10000	0.0000	0.0000
XM_006525919.I2.Ter	10000	0.0000	0.0000
XM_006525919.I6.Ini	10000	0.0000	0.0000
XM_006525919.I6.Ter	10000	3.7347	0.3735
NM_001081328.I2.Ini	10000	0.0000	0.0000
NM_001081328.I2.Ter	10000	0.0000	0.0000
XM_011246928.I1.Ini	10000	0.0000	0.0000
XM_011246928.I1.Ter	10000	0.0000	0.0000
XM_006525482.I1.Ini	10000	0.0000	0.0000
XM_006525482.I1.Ter	10000	0.0000	0.0000
XM_006525471.I2.Ini	10000	0.0000	0.0000
XM_006525471.I2.Ter	10000	0.0000	0.0000
XM_006525471.I3.Ini	10000	0.0000	0.0000
XM_006525471.I3.Ter	10000	0.0000	0.0000
XM_006525669.I1.Ini	10000	11.6043	1.1604
XM_006525669.I1.Ter	10000	12.8048	1.2805
XM_006525698.I2.Ini	10000	0.0000	0.0000
XM_006525698.I2.Ter	10000	0.0000	0.0000
NM_178928.I1.Ini	10000	0.0000	0.0000
NM_178928.I1.Ter	10000	0.0000	0.0000
XM_017317925.I2.Ini	10000	0.0000	0.0000
XM_017317925.I2.Ter	10000	0.0000	0.0000
XR_877476.I1.Ini	10000	0.0000	0.0000
XR_877476.I1.Ter	10000	0.0000	0.0000
XM_006525683.I2.Ini	10000	0.0000	0.0000
XM_006525683.I2.Ter	10000	0.0000	0.0000
XM_006525683.I6.Ini	10000	0.0000	0.0000
XM_006525683.I6.Ter	10000	0.0000	0.0000
XR_386277.I1.Ini	10000	0.0000	0.0000
XR_386277.I1.Ter	10000	0.0000	0.0000
XM_017317927.I1.Ini	10000	0.0000	0.0000
XM_017317927.I1.Ter	10000	0.0000	0.0000
NM_001168423.I1.Ini	10000	0.0000	0.0000
NM_001168423.I1.Ter	10000	0.0000	0.0000
XR_386006.I1.Ini	10000	0.0000	0.0000
XR_386006.I1.Ter	10000	0.0000	0.0000
XR_386006.I2.Ini	10000	0.0000	0.0000
XR_386006.I2.Ter	10000	0.0000	0.0000
XR_386006.I3.Ini	10000	0.0000	0.0000
XR_386006.I3.Ter	10000	0.0000	0.0000
XR_386006.I4.Ini	10000	0.0000	0.0000
XR_386006.I4.Ter	10000	0.0000	0.0000
XR_386006.I7.Ini	10000	0.0000	0.0000
XR_386006.I7.Ter	10000	0.0000	0.0000
NM_001014981.I19.Ini	10000	0.0000	0.0000
NM_001014981.I19.Ter	10000	0.0000	0.0000
NM_001014981.I20.Ini	10000	0.0000	0.0000
NM_001014981.I20.Ter	10000	13.3383	1.3338
NM_001014981.I21.Ini	10000	0.0000	0.0000
NM_001014981.I21.Ter	10000	0.0000	0.0000
NM_001014981.I22.Ini	10000	0.0000	0.0000
NM_001014981.I22.Ter	10000	0.0000	0.0000
NM_001014981.I26.Ini	10000	0.0000	0.0000
NM_001014981.I26.Ter	10000	0.0000	0.0000
NR_045366.I1.Ini	10000	0.0000	0.0000
NR_045366.I1.Ter	10000	0.0000	0.0000
NR_045366.I2.Ini	10000	0.0000	0.0000
NR_045366.I2.Ter	10000	0.0000	0.0000
NM_194268.I1.Ini	10000	29.4777	2.9478
NM_194268.I1.Ter	10000	0.0000	0.0000
NM_001001488.I1.Ini	10000	0.0000	0.0000
NM_001001488.I1.Ter	10000	44.9501	4.4950
NM_001001488.I2.Ini	10000	0.0000	0.0000
NM_001001488.I2.Ter	10000	0.0000	0.0000
XM_011247044.I1.Ini	10000	0.0000	0.0000
XM_011247044.I1.Ter	10000	0.0000	0.0000
XM_011247044.I2.Ini	10000	0.0000	0.0000
XM_011247044.I2.Ter	10000	0.0000	0.0000
XM_011247044.I3.Ini	10000	0.0000	0.0000
XM_011247044.I3.Ter	10000	0.0000	0.0000
XM_011247044.I6.Ini	10000	0.0000	0.0000
XM_011247044.I6.Ter	10000	0.0000	0.0000
NM_001037294.I3.Ini	10000	0.0000	0.0000
NM_001037294.I3.Ter	10000	0.0000	0.0000
NM_001037294.I4.Ini	10000	0.0000	0.0000
NM_001037294.I4.Ter	10000	0.0000	0.0000
XR_877505.I1.Ini	10000	0.0000	0.0000
XR_877505.I1.Ter	10000	0.0000	0.0000
NM_207255.I2.Ini	10000	0.0000	0.0000
NM_207255.I2.Ter	10000	0.0000	0.0000
NM_207255.I3.Ini	10000	0.0000	0.0000
NM_207255.I3.Ter	10000	12.6714	1.2671
XR_386294.I2.Ini	10000	0.0000	0.0000
XR_386294.I2.Ter	10000	0.0000	0.0000
NM_178793.I2.Ini	10000	0.0000	0.0000
NM_178793.I2.Ter	10000	0.0000	0.0000
XR_877508.I2.Ini	10000	0.0000	0.0000
XR_877508.I2.Ter	10000	0.0000	0.0000
NM_177137.I1.Ini	10000	0.0000	0.0000
NM_177137.I1.Ter	10000	0.0000	0.0000
NM_177137.I4.Ini	10000	0.0000	0.0000
NM_177137.I4.Ter	10000	0.0000	0.0000
XM_006526209.I1.Ini	10000	0.0000	0.0000
XM_006526209.I1.Ter	10000	0.0000	0.0000
XM_006526209.I2.Ini	10000	0.0000	0.0000
XM_006526209.I2.Ter	10000	0.0000	0.0000
XM_006526085.I1.Ini	10000	0.0000	0.0000
XM_006526085.I1.Ter	10000	0.0000	0.0000
XM_006526085.I2.Ini	10000	0.0000	0.0000
XM_006526085.I2.Ter	10000	0.0000	0.0000
XM_006526085.I3.Ini	10000	0.0000	0.0000
XM_006526085.I3.Ter	10000	0.0000	0.0000
XM_006526085.I4.Ini	10000	0.0000	0.0000
XM_006526085.I4.Ter	10000	0.0000	0.0000
NM_153794.I1.Ini	10000	0.0000	0.0000
NM_153794.I1.Ter	10000	10.5373	1.0537
XR_877523.I1.Ini	10000	0.0000	0.0000
XR_877523.I1.Ter	10000	0.0000	0.0000
XR_877519.I3.Ini	10000	0.0000	0.0000
XR_877519.I3.Ter	10000	0.0000	0.0000
XR_001782510.I1.Ini	10000	0.0000	0.0000
XR_001782510.I1.Ter	10000	0.0000	0.0000
XR_001782510.I6.Ini	10000	0.0000	0.0000
XR_001782510.I6.Ter	10000	0.0000	0.0000
NR_038051.I3.Ini	10000	0.0000	0.0000
NR_038051.I3.Ter	10000	0.0000	0.0000
XR_386316.I1.Ini	10000	0.0000	0.0000
XR_386316.I1.Ter	10000	0.0000	0.0000
XR_386316.I3.Ini	10000	0.0000	0.0000
XR_386316.I3.Ter	10000	0.0000	0.0000
NM_013685.I3.Ini	10000	11.6043	1.1604
NM_013685.I3.Ter	10000	0.0000	0.0000
NM_013685.I5.Ini	10000	13.7385	1.3738
NM_013685.I5.Ter	10000	0.0000	0.0000
NM_013685.I6.Ini	10000	0.0000	0.0000
NM_013685.I6.Ter	10000	0.0000	0.0000
NM_013685.I8.Ini	10000	8.6699	0.8670
NM_013685.I8.Ter	10000	11.4709	1.1471
XM_006526364.I2.Ini	10000	0.0000	0.0000
XM_006526364.I2.Ter	10000	0.0000	0.0000
XR_877537.I1.Ini	10000	0.0000	0.0000
XR_877537.I1.Ter	10000	0.0000	0.0000
XR_877537.I2.Ini	10000	0.0000	0.0000
XR_877537.I2.Ter	10000	0.0000	0.0000
XR_001782347.I4.Ini	10000	34.4128	3.4413
XR_001782347.I4.Ter	10000	0.0000	0.0000
XM_006525588.I1.Ini	10000	0.0000	0.0000
XM_006525588.I1.Ter	10000	0.0000	0.0000
XM_006525588.I2.Ini	10000	0.0000	0.0000
XM_006525588.I2.Ter	10000	0.0000	0.0000
XM_006525588.I5.Ini	10000	0.0000	0.0000
XM_006525588.I5.Ter	10000	0.0000	0.0000
XM_006525588.I7.Ini	10000	0.0000	0.0000
XM_006525588.I7.Ter	10000	0.0000	0.0000
XM_006525588.I9.Ini	10000	0.0000	0.0000
XM_006525588.I9.Ter	10000	0.0000	0.0000
XM_006525588.I12.Ini	10000	0.0000	0.0000
XM_006525588.I12.Ter	10000	0.0000	0.0000
XM_006525588.I14.Ini	10000	0.0000	0.0000
XM_006525588.I14.Ter	10000	0.0000	0.0000
XM_006525588.I15.Ini	10000	0.0000	0.0000
XM_006525588.I15.Ter	10000	0.0000	0.0000
XM_006525588.I21.Ini	10000	0.0000	0.0000
XM_006525588.I21.Ter	10000	0.0000	0.0000
XM_006525588.I27.Ini	10000	0.0000	0.0000
XM_006525588.I27.Ter	10000	0.0000	0.0000
XM_006525701.I1.Ini	10000	0.0000	0.0000
XM_006525701.I1.Ter	10000	0.0000	0.0000
XR_877545.I1.Ini	10000	0.0000	0.0000
XR_877545.I1.Ter	10000	0.0000	0.0000
XM_006525901.I1.Ini	10000	14.8055	1.4806
XM_006525901.I1.Ter	10000	0.0000	0.0000
XM_006525901.I2.Ini	10000	0.0000	0.0000
XM_006525901.I2.Ter	10000	0.0000	0.0000
NM_028948.I6.Ini	10000	0.0000	0.0000
NM_028948.I6.Ter	10000	0.0000	0.0000
NM_028948.I7.Ini	10000	0.0000	0.0000
NM_028948.I7.Ter	10000	0.0000	0.0000
XM_006525714.I1.Ini	10000	0.0000	0.0000
XM_006525714.I1.Ter	10000	0.0000	0.0000
XM_006525714.I4.Ini	10000	0.0000	0.0000
XM_006525714.I4.Ter	10000	0.0000	0.0000
NR_045368.I3.Ini	10000	0.0000	0.0000
NR_045368.I3.Ter	10000	0.0000	0.0000
XR_386014.I1.Ini	10000	10.0037	1.0004
XR_386014.I1.Ter	10000	0.0000	0.0000
XR_386014.I8.Ini	10000	0.0000	0.0000
XR_386014.I8.Ter	10000	0.0000	0.0000
XR_386014.I13.Ini	10000	0.0000	0.0000
XR_386014.I13.Ter	10000	0.0000	0.0000
XR_386014.I15.Ini	10000	0.0000	0.0000
XR_386014.I15.Ter	10000	0.0000	0.0000
NM_201354.I1.Ini	10000	0.0000	0.0000
NM_201354.I1.Ter	10000	0.0000	0.0000
NM_201354.I6.Ini	10000	15.4724	1.5472
NM_201354.I6.Ter	10000	0.0000	0.0000
NM_201354.I7.Ini	10000	0.0000	0.0000
NM_201354.I7.Ter	10000	0.0000	0.0000
NM_201354.I9.Ini	10000	0.0000	0.0000
NM_201354.I9.Ter	10000	0.0000	0.0000
NM_201354.I10.Ini	10000	9.7370	0.9737
NM_201354.I10.Ter	10000	0.0000	0.0000
NM_145356.I1.Ini	10000	0.0000	0.0000
NM_145356.I1.Ter	10000	0.0000	0.0000
NM_145356.I2.Ini	10000	0.0000	0.0000
NM_145356.I2.Ter	10000	0.0000	0.0000
NM_145356.I3.Ini	10000	12.9382	1.2938
NM_145356.I3.Ter	10000	0.0000	0.0000
XM_017317842.I1.Ini	10000	0.0000	0.0000
XM_017317842.I1.Ter	10000	0.0000	0.0000
XM_017317842.I2.Ini	10000	0.0000	0.0000
XM_017317842.I2.Ter	10000	11.3376	1.1338
XR_001782393.I1.Ini	10000	4.6684	0.4668
XR_001782393.I1.Ter	10000	0.0000	0.0000
XR_001782348.I1.Ini	10000	19.2072	1.9207
XR_001782348.I1.Ter	10000	0.0000	0.0000
XM_006526429.I1.Ini	10000	0.0000	0.0000
XM_006526429.I1.Ter	10000	0.0000	0.0000
XM_006526429.I2.Ini	10000	0.0000	0.0000
XM_006526429.I2.Ter	10000	0.0000	0.0000
XM_006526434.I4.Ini	10000	0.0000	0.0000
XM_006526434.I4.Ter	10000	0.0000	0.0000
NM_001164504.I1.Ini	10000	11.7377	1.1738
NM_001164504.I1.Ter	10000	0.0000	0.0000
XM_006526426.I1.Ini	10000	16.3394	1.6339
XM_006526426.I1.Ter	10000	0.0000	0.0000
XM_006526426.I2.Ini	10000	37.6140	3.7614
XM_006526426.I2.Ter	10000	17.3398	1.7340
NM_013831.I1.Ini	10000	0.0000	0.0000
NM_013831.I1.Ter	10000	14.9389	1.4939
NM_001171011.I1.Ini	10000	0.0000	0.0000
NM_001171011.I1.Ter	10000	0.0000	0.0000
NM_207651.I2.Ini	10000	0.0000	0.0000
NM_207651.I2.Ter	10000	0.0000	0.0000
NM_207651.I3.Ini	10000	0.0000	0.0000
NM_207651.I3.Ter	10000	0.0000	0.0000
NM_207651.I12.Ini	10000	0.0000	0.0000
NM_207651.I12.Ter	10000	0.0000	0.0000
XR_386381.I2.Ini	10000	0.0000	0.0000
XR_386381.I2.Ter	10000	0.0000	0.0000
NM_053099.I1.Ini	10000	0.0000	0.0000
NM_053099.I1.Ter	10000	0.0000	0.0000
NM_053099.I2.Ini	10000	0.0000	0.0000
NM_053099.I2.Ter	10000	0.0000	0.0000
NM_053099.I3.Ini	10000	0.0000	0.0000
NM_053099.I3.Ter	10000	0.0000	0.0000
NM_053099.I4.Ini	10000	0.0000	0.0000
NM_053099.I4.Ter	10000	0.0000	0.0000
NM_053099.I5.Ini	10000	0.0000	0.0000
NM_053099.I5.Ter	10000	0.0000	0.0000
NM_053117.I1.Ini	10000	0.0000	0.0000
NM_053117.I1.Ter	10000	0.0000	0.0000
NM_053117.I2.Ini	10000	0.0000	0.0000
NM_053117.I2.Ter	10000	0.0000	0.0000
NM_001190373.I1.Ini	10000	0.0000	0.0000
NM_001190373.I1.Ter	10000	0.0000	0.0000
NM_001190373.I3.Ini	10000	0.0000	0.0000
NM_001190373.I3.Ter	10000	0.0000	0.0000
XM_006526525.I10.Ini	10000	46.0172	4.6017
XM_006526525.I10.Ter	10000	0.0000	0.0000
XR_877607.I2.Ini	10000	0.0000	0.0000
XR_877607.I2.Ter	10000	0.0000	0.0000
NM_198429.I9.Ini	10000	0.0000	0.0000
NM_198429.I9.Ter	10000	0.0000	0.0000
NM_015805.I11.Ini	10000	9.0701	0.9070
NM_015805.I11.Ter	10000	15.3391	1.5339
XR_386392.I3.Ini	10000	0.0000	0.0000
XR_386392.I3.Ter	10000	0.0000	0.0000
XR_386392.I4.Ini	10000	0.0000	0.0000
XR_386392.I4.Ter	10000	0.0000	0.0000
XR_001782423.I2.Ini	10000	11.3376	1.1338
XR_001782423.I2.Ter	10000	0.0000	0.0000
XR_386398.I4.Ini	10000	0.0000	0.0000
XR_386398.I4.Ter	10000	0.0000	0.0000
NM_010777.I1.Ini	10000	0.0000	0.0000
NM_010777.I1.Ter	10000	0.0000	0.0000
NM_010777.I2.Ini	10000	18.9404	1.8940
NM_010777.I2.Ter	10000	0.0000	0.0000
NM_010777.I3.Ini	10000	0.0000	0.0000
NM_010777.I3.Ter	10000	0.0000	0.0000
XM_006526504.I1.Ini	10000	0.0000	0.0000
XM_006526504.I1.Ter	10000	0.0000	0.0000
XM_006526504.I2.Ini	10000	0.0000	0.0000
XM_006526504.I2.Ter	10000	0.0000	0.0000
XR_001782530.I1.Ini	10000	0.0000	0.0000
XR_001782530.I1.Ter	10000	0.0000	0.0000
XR_001782530.I2.Ini	10000	13.8718	1.3872
XR_001782530.I2.Ter	10000	0.0000	0.0000
XR_877622.I2.Ini	10000	0.0000	0.0000
XR_877622.I2.Ter	10000	0.0000	0.0000
NR_045361.I1.Ini	10000	0.0000	0.0000
NR_045361.I1.Ter	10000	5.6688	0.5669
NM_001081300.I1.Ini	10000	0.0000	0.0000
NM_001081300.I1.Ter	10000	0.0000	0.0000
NM_001033341.I1.Ini	10000	0.0000	0.0000
NM_001033341.I1.Ter	10000	0.0000	0.0000
NM_001033341.I3.Ini	10000	0.0000	0.0000
NM_001033341.I3.Ter	10000	0.0000	0.0000
NM_001033341.I4.Ini	10000	0.0000	0.0000
NM_001033341.I4.Ter	10000	11.3376	1.1338
NM_001033341.I7.Ini	10000	0.0000	0.0000
NM_001033341.I7.Ter	10000	0.0000	0.0000
NM_001033341.I8.Ini	10000	52.9531	5.2953
NM_001033341.I8.Ter	10000	0.0000	0.0000
XM_011247086.I2.Ini	10000	0.0000	0.0000
XM_011247086.I2.Ter	10000	0.0000	0.0000
XM_006526482.I4.Ini	10000	0.0000	0.0000
XM_006526482.I4.Ter	10000	0.0000	0.0000
XM_006526482.I7.Ini	10000	0.0000	0.0000
XM_006526482.I7.Ter	10000	0.0000	0.0000
XM_006526463.I1.Ini	10000	0.0000	0.0000
XM_006526463.I1.Ter	10000	0.0000	0.0000
NM_001039173.I1.Ini	10000	0.0000	0.0000
NM_001039173.I1.Ter	10000	0.0000	0.0000
NM_001039173.I2.Ini	10000	0.0000	0.0000
NM_001039173.I2.Ter	10000	0.0000	0.0000
NM_001039173.I3.Ini	10000	0.0000	0.0000
NM_001039173.I3.Ter	10000	0.0000	0.0000
NM_001039173.I4.Ini	10000	0.0000	0.0000
NM_001039173.I4.Ter	10000	0.0000	0.0000
NM_001039173.I5.Ini	10000	0.0000	0.0000
NM_001039173.I5.Ter	10000	0.0000	0.0000
NM_001039173.I7.Ini	10000	0.0000	0.0000
NM_001039173.I7.Ter	10000	0.0000	0.0000
XR_877649.I1.Ini	10000	0.0000	0.0000
XR_877649.I1.Ter	10000	6.2023	0.6202
XR_877649.I2.Ini	10000	0.0000	0.0000
XR_877649.I2.Ter	10000	0.0000	0.0000
NR_045304.I2.Ini	10000	0.0000	0.0000
NR_045304.I2.Ter	10000	0.0000	0.0000
XM_011248602.I1.Ini	10000	2.0007	0.2001
XM_011248602.I1.Ter	10000	0.0000	0.0000
NM_001164159.I1.Ini	10000	0.0000	0.0000
NM_001164159.I1.Ter	10000	0.0000	0.0000
NM_008513.I1.Ini	10000	0.0000	0.0000
NM_008513.I1.Ter	10000	0.0000	0.0000
XR_001782681.I2.Ini	10000	0.0000	0.0000
XR_001782681.I2.Ter	10000	0.0000	0.0000
XM_006531722.I2.Ini	10000	12.4046	1.2405
XM_006531722.I2.Ter	10000	0.0000	0.0000
NM_001162946.I2.Ini	10000	0.0000	0.0000
NM_001162946.I2.Ter	10000	0.0667	0.0067
XM_017318236.I3.Ini	10000	0.0000	0.0000
XM_017318236.I3.Ter	10000	0.0000	0.0000
NM_001290128.I1.Ini	10000	457.3707	45.7371
NM_001290128.I1.Ter	10000	108.5739	10.8574
NM_153129.I1.Ini	10000	0.0000	0.0000
NM_153129.I1.Ter	10000	0.0000	0.0000
XM_006526563.I3.Ini	10000	0.0000	0.0000
XM_006526563.I3.Ter	10000	0.0000	0.0000
XM_006527169.I1.Ini	10000	0.0000	0.0000
XM_006527169.I1.Ter	10000	0.0000	0.0000
XM_006526645.I1.Ini	10000	26.2765	2.6276
XM_006526645.I1.Ter	10000	0.0000	0.0000
NM_053076.I1.Ini	10000	25.7429	2.5743
NM_053076.I1.Ter	10000	0.1334	0.0133
XM_006526729.I1.Ini	10000	191.6049	19.1605
XM_006526729.I1.Ter	10000	0.0000	0.0000
XM_006526729.I3.Ini	10000	0.0000	0.0000
XM_006526729.I3.Ter	10000	0.0000	0.0000
NM_001013820.I5.Ini	10000	0.0000	0.0000
NM_001013820.I5.Ter	10000	0.0000	0.0000
XM_011247245.I1.Ini	10000	0.0000	0.0000
XM_011247245.I1.Ter	10000	0.0000	0.0000
XM_011247245.I6.Ini	10000	0.0000	0.0000
XM_011247245.I6.Ter	10000	0.0000	0.0000
XR_877706.I1.Ini	10000	0.0000	0.0000
XR_877706.I1.Ter	10000	3.8014	0.3801
XM_006527135.I6.Ini	10000	0.0000	0.0000
XM_006527135.I6.Ter	10000	0.0000	0.0000
XR_877686.I4.Ini	10000	2280.3845	228.0384
XR_877686.I4.Ter	10000	0.0000	0.0000
XR_877686.I8.Ini	10000	0.0000	0.0000
XR_877686.I8.Ter	10000	0.0000	0.0000
NM_198114.I1.Ini	10000	0.0000	0.0000
NM_198114.I1.Ter	10000	29.2109	2.9211
XM_006527204.I1.Ini	10000	0.0000	0.0000
XM_006527204.I1.Ter	10000	0.1334	0.0133
NR_027805.I1.Ini	10000	0.0000	0.0000
NR_027805.I1.Ter	10000	0.0000	0.0000
XM_006526622.I1.Ini	10000	0.0000	0.0000
XM_006526622.I1.Ter	10000	0.0000	0.0000
NR_045317.I1.Ini	10000	0.0000	0.0000
NR_045317.I1.Ter	10000	0.0000	0.0000
NM_001302950.I4.Ini	10000	0.0000	0.0000
NM_001302950.I4.Ter	10000	0.0000	0.0000
NM_001302950.I5.Ini	10000	0.0000	0.0000
NM_001302950.I5.Ter	10000	0.0000	0.0000
NM_001302950.I7.Ini	10000	5.6021	0.5602
NM_001302950.I7.Ter	10000	13.0715	1.3072
XR_001782640.I3.Ini	10000	0.0000	0.0000
XR_001782640.I3.Ter	10000	0.0000	0.0000
NR_045355.I2.Ini	10000	0.0000	0.0000
NR_045355.I2.Ter	10000	0.0000	0.0000
XR_001782649.I1.Ini	10000	0.0000	0.0000
XR_001782649.I1.Ter	10000	3.8681	0.3868
NM_008139.I1.Ini	10000	0.0000	0.0000
NM_008139.I1.Ter	10000	0.0000	0.0000
NM_008139.I2.Ini	10000	0.0000	0.0000
NM_008139.I2.Ter	10000	0.0000	0.0000
NM_008139.I5.Ini	10000	0.0000	0.0000
NM_008139.I5.Ter	10000	0.0000	0.0000
NM_008137.I1.Ini	10000	0.0000	0.0000
NM_008137.I1.Ter	10000	0.0000	0.0000
NM_008137.I2.Ini	10000	0.0000	0.0000
NM_008137.I2.Ter	10000	0.0000	0.0000
XM_006527154.I1.Ini	10000	38.0142	3.8014
XM_006527154.I1.Ter	10000	0.0000	0.0000
XM_006527154.I6.Ini	10000	23.2087	2.3209
XM_006527154.I6.Ter	10000	23.0753	2.3075
XM_006527154.I9.Ini	10000	0.1334	0.0133
XM_006527154.I9.Ter	10000	0.0000	0.0000
NM_010265.I1.Ini	10000	0.0000	0.0000
NM_010265.I1.Ter	10000	0.0000	0.0000
NM_001190483.I1.Ini	10000	0.0000	0.0000
NM_001190483.I1.Ter	10000	0.0000	0.0000
NM_001190483.I2.Ini	10000	0.0000	0.0000
NM_001190483.I2.Ter	10000	0.0000	0.0000
NM_001190483.I3.Ini	10000	0.0000	0.0000
NM_001190483.I3.Ter	10000	0.0000	0.0000
NM_001190483.I5.Ini	10000	0.0000	0.0000
NM_001190483.I5.Ter	10000	0.0000	0.0000
NM_001190483.I7.Ini	10000	0.0000	0.0000
NM_001190483.I7.Ter	10000	0.0000	0.0000
NM_001190483.I9.Ini	10000	0.0000	0.0000
NM_001190483.I9.Ter	10000	0.0000	0.0000
NM_001190483.I10.Ini	10000	0.0000	0.0000
NM_001190483.I10.Ter	10000	0.0000	0.0000
NM_001190483.I20.Ini	10000	0.0000	0.0000
NM_001190483.I20.Ter	10000	0.0000	0.0000
NM_001190483.I24.Ini	10000	0.0000	0.0000
NM_001190483.I24.Ter	10000	0.0000	0.0000
NM_017375.I1.Ini	10000	9.8703	0.9870
NM_017375.I1.Ter	10000	0.0000	0.0000
XM_006526951.I3.Ini	10000	8857.5076	885.7508
XM_006526951.I3.Ter	10000	0.0000	0.0000
NM_001043354.I1.Ini	10000	0.0000	0.0000
NM_001043354.I1.Ter	10000	0.0000	0.0000
XR_877746.I1.Ini	10000	0.0000	0.0000
XR_877746.I1.Ter	10000	0.0000	0.0000
XR_386579.I1.Ini	10000	0.0000	0.0000
XR_386579.I1.Ter	10000	0.0000	0.0000
XR_877747.I1.Ini	10000	0.0000	0.0000
XR_877747.I1.Ter	10000	0.0000	0.0000
XR_877747.I2.Ini	10000	0.0000	0.0000
XR_877747.I2.Ter	10000	0.0000	0.0000
NR_015502.I2.Ini	10000	0.0000	0.0000
NR_015502.I2.Ter	10000	0.0000	0.0000
XM_006526640.I1.Ini	10000	0.0000	0.0000
XM_006526640.I1.Ter	10000	0.0000	0.0000
XM_006526640.I2.Ini	10000	0.0000	0.0000
XM_006526640.I2.Ter	10000	0.0000	0.0000
XM_006526640.I5.Ini	10000	0.0000	0.0000
XM_006526640.I5.Ter	10000	0.0000	0.0000
XM_006526640.I9.Ini	10000	0.0000	0.0000
XM_006526640.I9.Ter	10000	0.0000	0.0000
NM_010266.I1.Ini	10000	0.0000	0.0000
NM_010266.I1.Ter	10000	0.0000	0.0000
NM_025423.I1.Ini	10000	19.7407	1.9741
NM_025423.I1.Ter	10000	0.0000	0.0000
NM_025423.I2.Ini	10000	0.0000	0.0000
NM_025423.I2.Ter	10000	0.0000	0.0000
XM_011247228.I1.Ini	10000	0.0000	0.0000
XM_011247228.I1.Ter	10000	0.0000	0.0000
XM_006526954.I1.Ini	10000	0.0000	0.0000
XM_006526954.I1.Ter	10000	0.0000	0.0000
XM_006526954.I8.Ini	10000	0.0000	0.0000
XM_006526954.I8.Ter	10000	0.0000	0.0000
XM_006526954.I9.Ini	10000	0.0000	0.0000
XM_006526954.I9.Ter	10000	0.0000	0.0000
XM_006526954.I10.Ini	10000	0.0000	0.0000
XM_006526954.I10.Ter	10000	0.0000	0.0000
XM_006526954.I23.Ini	10000	0.0000	0.0000
XM_006526954.I23.Ter	10000	0.0000	0.0000
XR_001782629.I5.Ini	10000	0.0000	0.0000
XR_001782629.I5.Ter	10000	0.0000	0.0000
XR_001782629.I7.Ini	10000	0.0000	0.0000
XR_001782629.I7.Ter	10000	0.0000	0.0000
NM_010638.I1.Ini	10000	12.5380	1.2538
NM_010638.I1.Ter	10000	0.0000	0.0000
NM_174857.I2.Ini	10000	0.0000	0.0000
NM_174857.I2.Ter	10000	0.0000	0.0000
XR_386614.I1.Ini	10000	0.0000	0.0000
XR_386614.I1.Ter	10000	0.0000	0.0000
NM_026188.I1.Ini	10000	0.0000	0.0000
NM_026188.I1.Ter	10000	0.0000	0.0000
NM_026188.I2.Ini	10000	0.0000	0.0000
NM_026188.I2.Ter	10000	0.0000	0.0000
XM_006527139.I1.Ini	10000	0.0000	0.0000
XM_006527139.I1.Ter	10000	0.0000	0.0000
XM_006527156.I1.Ini	10000	0.0000	0.0000
XM_006527156.I1.Ter	10000	0.0000	0.0000
NM_011597.I1.Ini	10000	0.0000	0.0000
NM_011597.I1.Ter	10000	0.0000	0.0000
NM_008846.I1.Ini	10000	0.0000	0.0000
NM_008846.I1.Ter	10000	0.0000	0.0000
NM_008846.I3.Ini	10000	0.0000	0.0000
NM_008846.I3.Ter	10000	0.0000	0.0000
NM_008846.I13.Ini	10000	0.0000	0.0000
NM_008846.I13.Ter	10000	0.0000	0.0000
NM_175013.I1.Ini	10000	0.0000	0.0000
NM_175013.I1.Ter	10000	0.0000	0.0000
NM_175013.I6.Ini	10000	0.0000	0.0000
NM_175013.I6.Ter	10000	0.0000	0.0000
NM_175013.I10.Ini	10000	0.0000	0.0000
NM_175013.I10.Ter	10000	0.0000	0.0000
NM_028785.I1.Ini	10000	0.0000	0.0000
NM_028785.I1.Ter	10000	0.0000	0.0000
XM_011247113.I1.Ini	10000	0.0000	0.0000
XM_011247113.I1.Ter	10000	0.0000	0.0000
XM_011247113.I2.Ini	10000	0.0000	0.0000
XM_011247113.I2.Ter	10000	0.0000	0.0000
XM_011247113.I3.Ini	10000	0.0000	0.0000
XM_011247113.I3.Ter	10000	0.0000	0.0000
XM_011247113.I4.Ini	10000	0.0000	0.0000
XM_011247113.I4.Ter	10000	0.0000	0.0000
NM_015826.I2.Ini	10000	0.0000	0.0000
NM_015826.I2.Ter	10000	0.0000	0.0000
NM_015826.I4.Ini	10000	0.0000	0.0000
NM_015826.I4.Ter	10000	0.0000	0.0000
XR_877780.I2.Ini	10000	0.0000	0.0000
XR_877780.I2.Ter	10000	0.0000	0.0000
XR_877780.I3.Ini	10000	0.0000	0.0000
XR_877780.I3.Ter	10000	0.0000	0.0000
XM_006527282.I27.Ini	10000	0.0000	0.0000
XM_006527282.I27.Ter	10000	0.0000	0.0000
NR_045306.I1.Ini	10000	0.0000	0.0000
NR_045306.I1.Ter	10000	0.0000	0.0000
XR_877791.I2.Ini	10000	0.0000	0.0000
XR_877791.I2.Ter	10000	0.0000	0.0000
XR_877791.I3.Ini	10000	0.0000	0.0000
XR_877791.I3.Ter	10000	0.0000	0.0000
XR_877791.I6.Ini	10000	0.0000	0.0000
XR_877791.I6.Ter	10000	0.0000	0.0000
XM_006526784.I1.Ini	10000	0.0000	0.0000
XM_006526784.I1.Ter	10000	0.0000	0.0000
XM_006526784.I2.Ini	10000	10.6706	1.0671
XM_006526784.I2.Ter	10000	0.0000	0.0000
XM_006526784.I3.Ini	10000	0.0000	0.0000
XM_006526784.I3.Ter	10000	0.0000	0.0000
NM_001305671.I2.Ini	10000	0.0000	0.0000
NM_001305671.I2.Ter	10000	0.0000	0.0000
NM_001305671.I3.Ini	10000	0.0000	0.0000
NM_001305671.I3.Ter	10000	0.0000	0.0000
NM_001305671.I5.Ini	10000	0.0000	0.0000
NM_001305671.I5.Ter	10000	0.0000	0.0000
NR_045330.I4.Ini	10000	0.0000	0.0000
NR_045330.I4.Ter	10000	0.0000	0.0000
NM_009199.I1.Ini	10000	0.0000	0.0000
NM_009199.I1.Ter	10000	0.0000	0.0000
XM_006527222.I4.Ini	10000	215.4137	21.5414
XM_006527222.I4.Ter	10000	1255.7355	125.5736
NM_001081319.I3.Ini	10000	0.0000	0.0000
NM_001081319.I3.Ter	10000	9.2034	0.9203
XR_001782588.I1.Ini	10000	6.9359	0.6936
XR_001782588.I1.Ter	10000	0.0000	0.0000
XR_877808.I2.Ini	10000	0.0000	0.0000
XR_877808.I2.Ter	10000	0.0000	0.0000
NM_133775.I1.Ini	10000	0.0000	0.0000
NM_133775.I1.Ter	10000	0.0000	0.0000
XR_386647.I2.Ini	10000	0.0000	0.0000
XR_386647.I2.Ter	10000	0.0000	0.0000
NM_001013833.I1.Ini	10000	0.0000	0.0000
NM_001013833.I1.Ter	10000	0.0000	0.0000
NM_001013833.I2.Ini	10000	9.2034	0.9203
NM_001013833.I2.Ter	10000	0.0000	0.0000
NM_001013833.I3.Ini	10000	11.8711	1.1871
NM_001013833.I3.Ter	10000	0.0000	0.0000
NM_001013833.I4.Ini	10000	0.0000	0.0000
NM_001013833.I4.Ter	10000	0.0000	0.0000
NM_001013833.I5.Ini	10000	0.0000	0.0000
NM_001013833.I5.Ter	10000	0.0000	0.0000
NM_001013833.I7.Ini	10000	0.0000	0.0000
NM_001013833.I7.Ter	10000	0.0000	0.0000
NM_001013833.I8.Ini	10000	0.0000	0.0000
NM_001013833.I8.Ter	10000	11.6043	1.1604
NM_001013833.I9.Ini	10000	0.0000	0.0000
NM_001013833.I9.Ter	10000	0.0000	0.0000
NM_001013833.I10.Ini	10000	0.0000	0.0000
NM_001013833.I10.Ter	10000	0.0000	0.0000
XM_006527331.I1.Ini	10000	0.0000	0.0000
XM_006527331.I1.Ter	10000	0.0000	0.0000
XM_011247287.I2.Ini	10000	0.0000	0.0000
XM_011247287.I2.Ter	10000	0.0000	0.0000
XM_011247202.I1.Ini	10000	17.4732	1.7473
XM_011247202.I1.Ter	10000	0.0000	0.0000
XM_011247202.I2.Ini	10000	0.0000	0.0000
XM_011247202.I2.Ter	10000	0.0000	0.0000
XM_011247202.I3.Ini	10000	0.0000	0.0000
XM_011247202.I3.Ter	10000	0.0000	0.0000
XM_011247202.I4.Ini	10000	0.0000	0.0000
XM_011247202.I4.Ter	10000	0.0000	0.0000
XM_011247202.I5.Ini	10000	0.0000	0.0000
XM_011247202.I5.Ter	10000	0.0000	0.0000
XM_006527064.I1.Ini	10000	0.0000	0.0000
XM_006527064.I1.Ter	10000	0.0000	0.0000
XM_006527313.I1.Ini	10000	0.0000	0.0000
XM_006527313.I1.Ter	10000	29.7444	2.9744
NM_001146342.I2.Ini	10000	11.8711	1.1871
NM_001146342.I2.Ter	10000	0.0000	0.0000
NM_001146342.I3.Ini	10000	0.0000	0.0000
NM_001146342.I3.Ter	10000	0.0000	0.0000
NM_001146342.I4.Ini	10000	0.0000	0.0000
NM_001146342.I4.Ter	10000	0.0000	0.0000
XR_386661.I1.Ini	10000	0.0000	0.0000
XR_386661.I1.Ter	10000	0.0000	0.0000
XM_017318244.I5.Ini	10000	46.0172	4.6017
XM_017318244.I5.Ter	10000	0.0000	0.0000
NM_024204.I2.Ini	10000	0.0000	0.0000
NM_024204.I2.Ter	10000	0.0000	0.0000
XM_006527452.I1.Ini	10000	11.6043	1.1604
XM_006527452.I1.Ter	10000	8.1364	0.8136
XM_006527265.I1.Ini	10000	0.0000	0.0000
XM_006527265.I1.Ter	10000	0.0000	0.0000
XM_006527078.I1.Ini	10000	9.4702	0.9470
XM_006527078.I1.Ter	10000	0.0000	0.0000
NM_001114339.I1.Ini	10000	0.0000	0.0000
NM_001114339.I1.Ter	10000	0.0000	0.0000
XR_877825.I1.Ini	10000	0.0000	0.0000
XR_877825.I1.Ter	10000	0.0000	0.0000
XR_877825.I2.Ini	10000	0.0000	0.0000
XR_877825.I2.Ter	10000	0.0000	0.0000
XR_001782721.I2.Ini	10000	16.6729	1.6673
XR_001782721.I2.Ter	10000	0.0000	0.0000
XM_006526704.I1.Ini	10000	0.0000	0.0000
XM_006526704.I1.Ter	10000	0.0000	0.0000
XR_386675.I1.Ini	10000	0.0000	0.0000
XR_386675.I1.Ter	10000	0.0000	0.0000
XR_386674.I1.Ini	10000	0.0000	0.0000
XR_386674.I1.Ter	10000	0.0000	0.0000
XM_011247391.I1.Ini	10000	0.0000	0.0000
XM_011247391.I1.Ter	10000	14.0052	1.4005
XM_011247391.I2.Ini	10000	0.0000	0.0000
XM_011247391.I2.Ter	10000	6.1356	0.6136
NR_033510.I2.Ini	10000	0.0000	0.0000
NR_033510.I2.Ter	10000	0.0000	0.0000
NR_033510.I3.Ini	10000	0.0000	0.0000
NR_033510.I3.Ter	10000	0.0000	0.0000
XM_011247208.I1.Ini	10000	0.0000	0.0000
XM_011247208.I1.Ter	10000	0.0000	0.0000
XM_011247208.I2.Ini	10000	0.0000	0.0000
XM_011247208.I2.Ter	10000	0.0000	0.0000
XM_011247208.I4.Ini	10000	11.6043	1.1604
XM_011247208.I4.Ter	10000	0.0000	0.0000
XM_017318044.I1.Ini	10000	0.0000	0.0000
XM_017318044.I1.Ter	10000	15.3391	1.5339
XM_017318044.I18.Ini	10000	0.0000	0.0000
XM_017318044.I18.Ter	10000	0.0000	0.0000
XM_017318044.I20.Ini	10000	0.0000	0.0000
XM_017318044.I20.Ter	10000	0.0000	0.0000
NM_001099634.I3.Ini	10000	0.0000	0.0000
NM_001099634.I3.Ter	10000	0.0000	0.0000
XM_011247378.I1.Ini	10000	0.0000	0.0000
XM_011247378.I1.Ter	10000	0.0000	0.0000
XM_011247378.I2.Ini	10000	0.0000	0.0000
XM_011247378.I2.Ter	10000	0.0000	0.0000
XM_011247378.I3.Ini	10000	0.0000	0.0000
XM_011247378.I3.Ter	10000	0.0000	0.0000
XM_011247378.I4.Ini	10000	0.0000	0.0000
XM_011247378.I4.Ter	10000	0.0000	0.0000
XM_011247378.I5.Ini	10000	0.0000	0.0000
XM_011247378.I5.Ter	10000	0.0000	0.0000
NM_145952.I1.Ini	10000	0.0000	0.0000
NM_145952.I1.Ter	10000	0.0000	0.0000
NM_001011707.I1.Ini	10000	0.0000	0.0000
NM_001011707.I1.Ter	10000	0.0000	0.0000
NM_001011707.I3.Ini	10000	0.0000	0.0000
NM_001011707.I3.Ter	10000	0.0000	0.0000
NM_010002.I3.Ini	10000	0.0000	0.0000
NM_010002.I3.Ter	10000	0.0000	0.0000
NM_010002.I5.Ini	10000	0.0000	0.0000
NM_010002.I5.Ter	10000	0.0000	0.0000
NM_010003.I3.Ini	10000	0.0000	0.0000
NM_010003.I3.Ter	10000	0.0000	0.0000
NM_010003.I5.Ini	10000	0.0000	0.0000
NM_010003.I5.Ter	10000	0.0000	0.0000
NM_001039555.I5.Ini	10000	0.0000	0.0000
NM_001039555.I5.Ter	10000	0.0000	0.0000
XM_006527172.I4.Ini	10000	0.0000	0.0000
XM_006527172.I4.Ter	10000	0.0000	0.0000
XM_006526789.I1.Ini	10000	0.0000	0.0000
XM_006526789.I1.Ter	10000	0.0000	0.0000
XM_006526789.I2.Ini	10000	0.0000	0.0000
XM_006526789.I2.Ter	10000	0.0000	0.0000
NM_001304721.I1.Ini	10000	36.4136	3.6414
NM_001304721.I1.Ter	10000	0.0000	0.0000
NM_008528.I1.Ini	10000	0.0000	0.0000
NM_008528.I1.Ter	10000	0.0000	0.0000
NM_011904.I1.Ini	10000	0.0000	0.0000
NM_011904.I1.Ter	10000	0.0000	0.0000
NM_011904.I2.Ini	10000	0.0000	0.0000
NM_011904.I2.Ter	10000	0.0000	0.0000
NM_031376.I2.Ini	10000	0.0000	0.0000
NM_031376.I2.Ter	10000	0.0000	0.0000
XR_877670.I2.Ini	10000	0.0000	0.0000
XR_877670.I2.Ter	10000	9.8703	0.9870
XM_011247200.I6.Ini	10000	0.0000	0.0000
XM_011247200.I6.Ter	10000	0.0000	0.0000
NM_145500.I1.Ini	10000	9.8703	0.9870
NM_145500.I1.Ter	10000	0.0000	0.0000
XR_386718.I1.Ini	10000	0.0000	0.0000
XR_386718.I1.Ter	10000	0.0000	0.0000
XM_006527372.I2.Ini	10000	0.0000	0.0000
XM_006527372.I2.Ter	10000	0.0000	0.0000
XM_006527182.I1.Ini	10000	0.0000	0.0000
XM_006527182.I1.Ter	10000	0.0000	0.0000
XM_006527214.I2.Ini	10000	0.0000	0.0000
XM_006527214.I2.Ter	10000	0.0000	0.0000
XM_006527214.I3.Ini	10000	0.0000	0.0000
XM_006527214.I3.Ter	10000	0.0000	0.0000
XM_006527214.I4.Ini	10000	0.0000	0.0000
XM_006527214.I4.Ter	10000	0.0000	0.0000
XM_006527214.I5.Ini	10000	0.0000	0.0000
XM_006527214.I5.Ter	10000	0.0000	0.0000
XM_006527214.I8.Ini	10000	0.0000	0.0000
XM_006527214.I8.Ter	10000	0.0000	0.0000
NM_031396.I1.Ini	10000	0.0000	0.0000
NM_031396.I1.Ter	10000	0.0000	0.0000
XM_006527351.I1.Ini	10000	0.0000	0.0000
XM_006527351.I1.Ter	10000	0.0000	0.0000
XM_006527351.I4.Ini	10000	0.0000	0.0000
XM_006527351.I4.Ter	10000	0.0000	0.0000
XM_017318222.I3.Ini	10000	0.0000	0.0000
XM_017318222.I3.Ter	10000	31.0783	3.1078
XM_017318222.I9.Ini	10000	0.0000	0.0000
XM_017318222.I9.Ter	10000	0.0000	0.0000
XM_011247161.I4.Ini	10000	0.0000	0.0000
XM_011247161.I4.Ter	10000	0.0000	0.0000
NM_001037758.I1.Ini	10000	0.0000	0.0000
NM_001037758.I1.Ter	10000	0.0000	0.0000
NM_001037758.I2.Ini	10000	0.0000	0.0000
NM_001037758.I2.Ter	10000	0.0000	0.0000
NM_001037758.I4.Ini	10000	0.0667	0.0067
NM_001037758.I4.Ter	10000	0.0000	0.0000
XR_877675.I5.Ini	10000	0.0000	0.0000
XR_877675.I5.Ter	10000	0.0000	0.0000
XM_011247345.I21.Ini	10000	0.0000	0.0000
XM_011247345.I21.Ter	10000	0.0000	0.0000
XM_011247345.I24.Ini	10000	7.8029	0.7803
XM_011247345.I24.Ter	10000	0.0000	0.0000
XM_011247345.I25.Ini	10000	0.0000	0.0000
XM_011247345.I25.Ter	10000	0.0000	0.0000
XM_006526580.I3.Ini	10000	0.0000	0.0000
XM_006526580.I3.Ter	10000	0.0000	0.0000
NM_015752.I2.Ini	10000	0.0000	0.0000
NM_015752.I2.Ter	10000	0.0000	0.0000
NM_015752.I3.Ini	10000	0.0000	0.0000
NM_015752.I3.Ter	10000	0.0000	0.0000
NM_001177812.I2.Ini	10000	8.2698	0.8270
NM_001177812.I2.Ter	10000	0.0000	0.0000
NM_033569.I1.Ini	10000	0.0000	0.0000
NM_033569.I1.Ter	10000	0.0000	0.0000
NM_001164363.I1.Ini	10000	0.0000	0.0000
NM_001164363.I1.Ter	10000	0.0000	0.0000
NM_001164363.I2.Ini	10000	0.0000	0.0000
NM_001164363.I2.Ter	10000	0.0000	0.0000
NM_021360.I1.Ini	10000	0.0000	0.0000
NM_021360.I1.Ter	10000	0.0000	0.0000
XM_006526669.I1.Ini	10000	12.4046	1.2405
XM_006526669.I1.Ter	10000	0.0000	0.0000
XM_006526669.I2.Ini	10000	0.0000	0.0000
XM_006526669.I2.Ter	10000	0.0000	0.0000
XM_006526669.I3.Ini	10000	0.0000	0.0000
XM_006526669.I3.Ter	10000	0.0000	0.0000
XM_006526669.I5.Ini	10000	89.7668	8.9767
XM_006526669.I5.Ter	10000	0.0000	0.0000
XM_006526669.I6.Ini	10000	8.1364	0.8136
XM_006526669.I6.Ter	10000	30.1446	3.0145
XM_006526669.I7.Ini	10000	30.0112	3.0011
XM_006526669.I7.Ter	10000	0.0000	0.0000
NM_009289.I1.Ini	10000	0.0000	0.0000
NM_009289.I1.Ter	10000	14.5388	1.4539
XM_006527174.I1.Ini	10000	0.0000	0.0000
XM_006527174.I1.Ter	10000	7.2027	0.7203
NM_001163267.I15.Ini	10000	0.0000	0.0000
NM_001163267.I15.Ter	10000	0.0000	0.0000
NM_025696.I1.Ini	10000	0.0000	0.0000
NM_025696.I1.Ter	10000	0.0000	0.0000
NM_025696.I2.Ini	10000	0.0000	0.0000
NM_025696.I2.Ter	10000	0.0000	0.0000
NM_025696.I3.Ini	10000	0.0000	0.0000
NM_025696.I3.Ter	10000	0.0000	0.0000
NM_025696.I4.Ini	10000	0.0000	0.0000
NM_025696.I4.Ter	10000	0.0000	0.0000
NM_025696.I5.Ini	10000	0.0000	0.0000
NM_025696.I5.Ter	10000	0.0000	0.0000
NM_025696.I7.Ini	10000	0.0000	0.0000
NM_025696.I7.Ter	10000	0.0000	0.0000
NM_025696.I14.Ini	10000	0.0000	0.0000
NM_025696.I14.Ter	10000	0.0000	0.0000
NM_001252501.I1.Ini	10000	0.0000	0.0000
NM_001252501.I1.Ter	10000	0.0000	0.0000
NM_001252501.I2.Ini	10000	0.0000	0.0000
NM_001252501.I2.Ter	10000	0.0000	0.0000
NM_001252501.I3.Ini	10000	0.0000	0.0000
NM_001252501.I3.Ter	10000	0.0000	0.0000
NM_001252501.I4.Ini	10000	0.0000	0.0000
NM_001252501.I4.Ter	10000	0.0000	0.0000
NM_001252501.I5.Ini	10000	0.0000	0.0000
NM_001252501.I5.Ter	10000	0.0000	0.0000
NM_001252501.I6.Ini	10000	0.0000	0.0000
NM_001252501.I6.Ter	10000	0.0000	0.0000
NM_001252501.I18.Ini	10000	0.0000	0.0000
NM_001252501.I18.Ter	10000	0.0000	0.0000
XR_386774.I1.Ini	10000	0.0000	0.0000
XR_386774.I1.Ter	10000	0.0000	0.0000
XR_386774.I5.Ini	10000	0.0000	0.0000
XR_386774.I5.Ter	10000	0.0000	0.0000
XM_011247158.I20.Ini	10000	279.1708	27.9171
XM_011247158.I20.Ter	10000	0.0000	0.0000
XR_877911.I1.Ini	10000	0.0000	0.0000
XR_877911.I1.Ter	10000	0.0000	0.0000
NM_001164099.I1.Ini	10000	7.2027	0.7203
NM_001164099.I1.Ter	10000	0.0000	0.0000
NM_001008542.I1.Ini	10000	0.0000	0.0000
NM_001008542.I1.Ter	10000	0.0000	0.0000
NM_001008542.I3.Ini	10000	9.6036	0.9604
NM_001008542.I3.Ter	10000	0.0000	0.0000
XM_011247371.I1.Ini	10000	0.0000	0.0000
XM_011247371.I1.Ter	10000	0.0000	0.0000
NM_001168505.I1.Ini	10000	0.0000	0.0000
NM_001168505.I1.Ter	10000	0.2668	0.0267
XR_386801.I1.Ini	10000	0.0000	0.0000
XR_386801.I1.Ter	10000	0.0000	0.0000
XR_386801.I2.Ini	10000	0.0000	0.0000
XR_386801.I2.Ter	10000	0.0000	0.0000
XM_006526694.I1.Ini	10000	0.0000	0.0000
XM_006526694.I1.Ter	10000	0.0000	0.0000
NM_001293685.I3.Ini	10000	0.0000	0.0000
NM_001293685.I3.Ter	10000	0.0000	0.0000
NM_001293685.I6.Ini	10000	17.2064	1.7206
NM_001293685.I6.Ter	10000	0.0000	0.0000
NM_001293685.I8.Ini	10000	0.0000	0.0000
NM_001293685.I8.Ter	10000	0.0000	0.0000
NR_045318.I2.Ini	10000	0.0000	0.0000
NR_045318.I2.Ter	10000	0.0000	0.0000
XM_017318115.I4.Ini	10000	0.0000	0.0000
XM_017318115.I4.Ter	10000	0.0000	0.0000
XM_017318115.I5.Ini	10000	0.0000	0.0000
XM_017318115.I5.Ter	10000	0.0000	0.0000
XM_006526616.I2.Ini	10000	0.0000	0.0000
XM_006526616.I2.Ter	10000	0.0000	0.0000
XM_017318169.I1.Ini	10000	0.0000	0.0000
XM_017318169.I1.Ter	10000	0.0000	0.0000
XM_017318175.I1.Ini	10000	0.0000	0.0000
XM_017318175.I1.Ter	10000	0.0000	0.0000
XM_017318175.I6.Ini	10000	55.3540	5.5354
XM_017318175.I6.Ter	10000	0.0000	0.0000
NR_040316.I1.Ini	10000	11.3376	1.1338
NR_040316.I1.Ter	10000	0.0000	0.0000
XM_006527049.I24.Ini	10000	13.7385	1.3738
XM_006527049.I24.Ter	10000	0.0000	0.0000
XM_006527049.I26.Ini	10000	0.1334	0.0133
XM_006527049.I26.Ter	10000	0.0000	0.0000
XM_006527049.I27.Ini	10000	0.0000	0.0000
XM_006527049.I27.Ter	10000	2.6677	0.2668
XM_006527049.I28.Ini	10000	0.0000	0.0000
XM_006527049.I28.Ter	10000	0.0000	0.0000
XM_006526681.I4.Ini	10000	0.0000	0.0000
XM_006526681.I4.Ter	10000	0.0000	0.0000
XM_006526681.I5.Ini	10000	0.0000	0.0000
XM_006526681.I5.Ter	10000	0.0000	0.0000
XM_006526681.I6.Ini	10000	0.0000	0.0000
XM_006526681.I6.Ter	10000	0.0000	0.0000
XM_006526681.I9.Ini	10000	0.0000	0.0000
XM_006526681.I9.Ter	10000	0.0000	0.0000
NR_038136.I1.Ini	10000	0.0000	0.0000
NR_038136.I1.Ter	10000	0.0000	0.0000
NM_001327998.I2.Ini	10000	0.0000	0.0000
NM_001327998.I2.Ter	10000	0.0000	0.0000
NM_175172.I14.Ini	10000	42.0157	4.2016
NM_175172.I14.Ter	10000	10.5373	1.0537
NR_002863.I1.Ini	10000	0.0000	0.0000
NR_002863.I1.Ter	10000	0.0000	0.0000
NR_045308.I2.Ini	10000	0.0000	0.0000
NR_045308.I2.Ter	10000	0.0000	0.0000
XR_877971.I2.Ini	10000	0.0000	0.0000
XR_877971.I2.Ter	10000	0.0000	0.0000
XR_001782711.I1.Ini	10000	0.0000	0.0000
XR_001782711.I1.Ter	10000	0.0000	0.0000
XM_011247386.I3.Ini	10000	0.0000	0.0000
XM_011247386.I3.Ter	10000	0.0000	0.0000
XR_001782668.I1.Ini	10000	0.0000	0.0000
XR_001782668.I1.Ter	10000	0.0000	0.0000
XM_006526697.I1.Ini	10000	0.0000	0.0000
XM_006526697.I1.Ter	10000	0.0000	0.0000
XM_006526697.I3.Ini	10000	0.0000	0.0000
XM_006526697.I3.Ter	10000	0.1334	0.0133
NR_131953.I3.Ini	10000	0.0000	0.0000
NR_131953.I3.Ter	10000	0.0000	0.0000
